Date,Open,High,Low,Close
2005-04-01,,,,1000.0
2005-04-04,,,,1008.4
2005-04-05,,,,1000.57
2005-04-06,,,,1014.47
2005-04-07,,,,1015.48
2005-04-08,,,,1008.54
2005-04-11,,,,999.29
2005-04-12,,,,1006.79
2005-04-13,,,,1006.61
2005-04-15,,,,982.45
2005-04-18,,,,976.14
2005-04-19,,,,973.0
2005-04-20,,,,978.48
2005-04-21,,,,994.77
2005-04-22,,,,1008.13
2005-04-25,,,,1013.15
2005-04-26,,,,1014.53
2005-04-27,,,,1006.58
2005-04-28,,,,1004.29
2005-04-29,,,,987.31
2005-05-02,,,,980.31
2005-05-03,,,,984.46
2005-05-04,,,,998.51
2005-05-05,,,,1009.86
2005-05-06,,,,1015.11
2005-05-09,,,,1029.08
2005-05-10,,,,1031.61
2005-05-11,,,,1035.51
2005-05-12,,,,1051.12
2005-05-13,,,,1061.71
2005-05-16,,,,1074.68
2005-05-17,,,,1063.97
2005-05-18,,,,1067.94
2005-05-19,,,,1078.35
2005-05-20,,,,1078.26
2005-05-23,,,,1085.23
2005-05-24,,,,1086.47
2005-05-25,,,,1091.51
2005-05-26,,,,1089.05
2005-05-27,,,,1082.38
2005-05-30,,,,1072.93
2005-05-31,,,,1081.92
2005-06-01,,,,1089.79
2005-06-02,,,,1083.01
2005-06-03,,,,1094.35
2005-06-04,,,,1102.82
2005-06-06,,,,1106.3
2005-06-07,,,,1111.14
2005-06-08,,,,1114.58
2005-06-09,,,,1118.65
2005-06-10,,,,1114.7
2005-06-13,,,,1117.09
2005-06-14,,,,1120.89
2005-06-15,,,,1127.23
2005-06-16,,,,1109.29
2005-06-17,,,,1090.34
2005-06-20,,,,1082.2
2005-06-21,,,,1088.04
2005-06-22,,,,1086.69
2005-06-23,,,,1091.58
2005-06-24,,,,1102.17
2005-06-27,,,,1099.9
2005-06-28,,,,1080.26
2005-06-29,,,,1090.16
2005-06-30,,,,1093.92
2005-07-01,,,,1108.65
2005-07-04,,,,1126.19
2005-07-05,,,,1121.48
2005-07-06,,,,1141.24
2005-07-07,,,,1126.73
2005-07-08,,,,1145.83
2005-07-11,,,,1163.2
2005-07-12,,,,1166.65
2005-07-13,,,,1176.81
2005-07-14,,,,1176.46
2005-07-15,,,,1191.52
2005-07-18,,,,1215.12
2005-07-19,,,,1221.97
2005-07-20,,,,1226.68
2005-07-21,,,,1220.86
2005-07-22,,,,1235.11
2005-07-25,,,,1237.85
2005-07-26,,,,1231.2
2005-07-27,,,,1229.23
2005-07-29,,,,1217.51
2005-08-01,,,,1222.85
2005-08-02,,,,1247.42
2005-08-03,,,,1245.56
2005-08-04,,,,1257.45
2005-08-05,,,,1271.46
2005-08-08,,,,1260.27
2005-08-09,,,,1259.16
2005-08-10,,,,1288.01
2005-08-11,,,,1305.37
2005-08-12,,,,1313.13
2005-08-16,,,,1329.4
2005-08-17,,,,1346.04
2005-08-18,,,,1340.03
2005-08-19,,,,1348.17
2005-08-22,,,,1349.01
2005-08-23,,,,1314.1
2005-08-24,,,,1299.3
2005-08-25,,,,1317.83
2005-08-26,,,,1334.9
2005-08-29,,,,1341.4
2005-08-30,,,,1357.27
2005-08-31,,,,1375.65
2005-09-01,,,,1388.43
2005-09-02,,,,1391.18
2005-09-05,,,,1396.28
2005-09-06,,,,1397.09
2005-09-08,,,,1407.15
2005-09-09,,,,1402.0
2005-09-12,,,,1419.5
2005-09-13,,,,1429.07
2005-09-14,,,,1422.08
2005-09-15,,,,1442.52
2005-09-16,,,,1453.0
2005-09-19,,,,1466.6
2005-09-20,,,,1460.01
2005-09-21,,,,1420.21
2005-09-22,,,,1333.59
2005-09-23,,,,1346.85
2005-09-26,,,,1398.12
2005-09-27,,,,1411.27
2005-09-28,,,,1421.03
2005-09-29,,,,1411.18
2005-09-30,,,,1400.6
2005-10-03,,,,1422.9
2005-10-04,,,,1440.35
2005-10-05,,,,1434.74
2005-10-06,,,,1414.27
2005-10-07,,,,1410.83
2005-10-10,,,,1402.95
2005-10-11,,,,1393.75
2005-10-13,,,,1382.52
2005-10-14,,,,1349.48
2005-10-17,,,,1334.77
2005-10-18,,,,1330.62
2005-10-19,,,,1286.16
2005-10-20,,,,1261.12
2005-10-21,,,,1278.02
2005-10-24,,,,1278.75
2005-10-25,,,,1279.22
2005-10-26,,,,1276.23
2005-10-27,,,,1256.11
2005-10-28,,,,1232.44
2005-10-31,,,,1257.59
2005-11-01,,,,1277.62
2005-11-02,,,,1282.18
2005-11-07,,,,1307.9
2005-11-08,,,,1323.63
2005-11-09,,,,1322.29
2005-11-10,,,,1327.84
2005-11-11,,,,1350.04
2005-11-14,,,,1353.55
2005-11-16,,,,1361.51
2005-11-17,,,,1365.68
2005-11-18,,,,1370.08
2005-11-21,,,,1360.56
2005-11-22,,,,1351.04
2005-11-23,,,,1359.72
2005-11-24,,,,1369.11
2005-11-25,,,,1380.42
2005-11-26,,,,1392.84
2005-11-28,,,,1404.04
2005-11-29,,,,1397.29
2005-11-30,,,,1393.44
2005-12-01,,,,1407.72
2005-12-02,,,,1416.2
2005-12-05,,,,1414.91
2005-12-06,,,,1419.88
2005-12-07,,,,1428.93
2005-12-08,,,,1438.24
2005-12-09,,,,1454.68
2005-12-12,,,,1458.68
2005-12-13,,,,1463.04
2005-12-14,,,,1457.44
2005-12-15,,,,1446.1
2005-12-16,,,,1452.73
2005-12-19,,,,1461.16
2005-12-20,,,,1455.98
2005-12-21,,,,1457.42
2005-12-22,,,,1459.64
2005-12-23,,,,1448.8
2005-12-26,,,,1420.66
2005-12-27,,,,1445.32
2005-12-28,,,,1448.37
2005-12-29,,,,1461.74
2005-12-30,,,,1476.0
2006-01-02,,,,1497.16
2006-01-03,,,,1522.5
2006-01-04,,,,1529.53
2006-01-05,,,,1531.79
2006-01-06,,,,1543.36
2006-01-09,,,,1553.53
2006-01-10,,,,1543.61
2006-01-12,,,,1546.98
2006-01-13,,,,1553.8
2006-01-16,,,,1544.69
2006-01-17,,,,1530.76
2006-01-18,,,,1518.67
2006-01-19,,,,1552.21
2006-01-20,,,,1564.71
2006-01-23,,,,1566.28
2006-01-24,,,,1574.65
2006-01-25,,,,1571.17
2006-01-27,,,,1585.74
2006-01-30,,,,1564.3
2006-01-31,,,,1564.29
2006-02-01,,,,1543.47
2006-02-02,,,,1544.18
2006-02-03,,,,1546.19
2006-02-06,,,,1562.43
2006-02-07,,,,1567.33
2006-02-08,,,,1566.19
2006-02-10,,,,1582.52
2006-02-13,,,,1598.17
2006-02-14,,,,1589.22
2006-02-15,,,,1589.46
2006-02-16,,,,1595.4
2006-02-17,,,,1572.68
2006-02-20,,,,1559.38
2006-02-21,,,,1572.41
2006-02-22,,,,1570.95
2006-02-23,,,,1564.2
2006-02-24,,,,1568.67
2006-02-27,,,,1579.62
2006-02-28,,,,1576.56
2006-03-01,,,,1602.06
2006-03-02,,,,1612.2
2006-03-03,,,,1621.41
2006-03-06,,,,1643.64
2006-03-07,,,,1656.88
2006-03-08,,,,1635.91
2006-03-09,,,,1642.37
2006-03-10,,,,1662.27
2006-03-13,,,,1671.0
2006-03-14,,,,1664.06
2006-03-16,,,,1668.47
2006-03-17,,,,1659.31
2006-03-20,,,,1672.18
2006-03-21,,,,1671.33
2006-03-22,,,,1656.81
2006-03-23,,,,1661.08
2006-03-24,,,,1672.77
2006-03-27,,,,1691.5
2006-03-28,,,,1682.99
2006-03-29,,,,1698.31
2006-03-30,,,,1718.15
2006-03-31,,,,1743.75
2006-04-03,,,,1793.17
2006-04-04,,,,1806.94
2006-04-05,,,,1833.31
2006-04-07,,,,1810.52
2006-04-10,,,,1824.86
2006-04-12,,,,1794.62
2006-04-13,,,,1758.72
2006-04-17,,,,1791.08
2006-04-18,,,,1811.83
2006-04-19,,,,1819.49
2006-04-20,,,,1832.65
2006-04-21,,,,1836.59
2006-04-24,,,,1852.78
2006-04-25,,,,1833.16
2006-04-26,,,,1864.66
2006-04-27,,,,1877.07
2006-04-28,,,,1866.99
2006-04-29,,,,1913.19
2006-05-02,,,,1930.7
2006-05-03,,,,1937.71
2006-05-04,,,,1939.6
2006-05-05,,,,1944.71
2006-05-08,,,,1960.87
2006-05-09,,,,1969.08
2006-05-10,,,,1990.06
2006-05-11,,,,1976.47
2006-05-12,,,,1967.37
2006-05-15,,,,1907.72
2006-05-16,,,,1883.58
2006-05-17,,,,1950.87
2006-05-18,,,,1821.47
2006-05-19,,,,1751.2
2006-05-22,,,,1631.47
2006-05-23,,,,1688.28
2006-05-24,,,,1689.38
2006-05-25,,,,1679.89
2006-05-26,,,,1721.16
2006-05-29,,,,1737.71
2006-05-30,,,,1740.03
2006-05-31,,,,1691.82
2006-06-01,,,,1646.91
2006-06-02,,,,1626.06
2006-06-05,,,,1598.97
2006-06-06,,,,1538.71
2006-06-07,,,,1436.51
2006-06-08,,,,1320.14
2006-06-09,,,,1389.96
2006-06-12,,,,1363.37
2006-06-13,,,,1279.06
2006-06-14,,,,1236.51
2006-06-15,,,,1297.93
2006-06-16,,,,1355.47
2006-06-19,,,,1388.53
2006-06-20,,,,1400.45
2006-06-21,,,,1443.19
2006-06-22,,,,1480.18
2006-06-23,,,,1487.99
2006-06-25,,,,1505.83
2006-06-26,,,,1448.2
2006-06-27,,,,1432.23
2006-06-28,,,,1423.83
2006-06-29,,,,1431.52
2006-06-30,,,,1478.05
2006-07-03,,,,1482.15
2006-07-04,,,,1479.68
2006-07-05,,,,1492.66
2006-07-06,,,,1489.38
2006-07-07,,,,1467.0
2006-07-10,,,,1466.14
2006-07-11,,,,1466.45
2006-07-12,,,,1472.47
2006-07-13,,,,1473.02
2006-07-14,,,,1461.28
2006-07-17,,,,1429.15
2006-07-18,,,,1404.13
2006-07-19,,,,1360.17
2006-07-20,,,,1377.07
2006-07-21,,,,1343.81
2006-07-24,,,,1332.82
2006-07-25,,,,1361.61
2006-07-26,,,,1388.79
2006-07-27,,,,1405.75
2006-07-28,,,,1422.99
2006-07-31,,,,1437.22
2006-08-01,,,,1427.47
2006-08-02,,,,1444.42
2006-08-03,,,,1457.01
2006-08-04,,,,1451.05
2006-08-07,,,,1452.06
2006-08-08,,,,1469.69
2006-08-09,,,,1493.73
2006-08-10,,,,1520.82
2006-08-11,,,,1546.42
2006-08-14,,,,1579.83
2006-08-16,,,,1602.44
2006-08-17,,,,1585.21
2006-08-18,,,,1597.58
2006-08-21,,,,1609.31
2006-08-22,,,,1609.8
2006-08-23,,,,1592.32
2006-08-24,,,,1595.55
2006-08-25,,,,1610.97
2006-08-28,,,,1617.95
2006-08-29,,,,1619.0
2006-08-30,,,,1613.47
2006-08-31,,,,1597.12
2006-09-01,,,,1611.01
2006-09-04,,,,1634.71
2006-09-05,,,,1642.22
2006-09-06,,,,1654.99
2006-09-07,,,,1653.45
2006-09-08,,,,1670.63
2006-09-11,,,,1618.4
2006-09-12,,,,1629.25
2006-09-13,,,,1655.68
2006-09-14,,,,1662.23
2006-09-15,,,,1665.38
2006-09-18,,,,1674.46
2006-09-19,,,,1656.4
2006-09-20,,,,1660.08
2006-09-21,,,,1674.21
2006-09-22,,,,1665.76
2006-09-25,,,,1663.38
2006-09-26,,,,1669.76
2006-09-27,,,,1677.94
2006-09-28,,,,1686.61
2006-09-29,,,,1707.54
2006-10-03,,,,1714.97
2006-10-04,,,,1705.35
2006-10-05,,,,1735.73
2006-10-06,,,,1748.77
2006-10-09,,,,1762.67
2006-10-10,,,,1761.83
2006-10-11,,,,1742.17
2006-10-12,,,,1755.31
2006-10-13,,,,1761.62
2006-10-16,,,,1760.49
2006-10-17,,,,1751.44
2006-10-18,,,,1757.92
2006-10-19,,,,1753.17
2006-10-20,,,,1764.0
2006-10-21,,,,1782.56
2006-10-23,,,,1771.62
2006-10-26,,,,1780.97
2006-10-27,,,,1792.43
2006-10-30,,,,1794.58
2006-10-31,,,,1782.6
2006-11-01,,,,1794.8
2006-11-02,,,,1798.85
2006-11-03,,,,1802.0
2006-11-06,,,,1819.52
2006-11-07,,,,1823.58
2006-11-08,,,,1800.88
2006-11-09,,,,1816.84
2006-11-10,,,,1828.06
2006-11-13,,,,1844.55
2006-11-14,,,,1829.94
2006-11-15,,,,1825.7
2006-11-16,,,,1821.75
2006-11-17,,,,1792.41
2006-11-20,,,,1774.47
2006-11-21,,,,1803.37
2006-11-22,,,,1817.32
2006-11-23,,,,1821.7
2006-11-24,,,,1831.7
2006-11-27,,,,1841.36
2006-11-28,,,,1828.2
2006-11-29,,,,1849.98
2006-11-30,,,,1846.59
2006-12-01,,,,1866.0
2006-12-04,,,,1877.6
2006-12-05,,,,1880.99
2006-12-06,,,,1862.31
2006-12-07,,,,1862.83
2006-12-08,,,,1852.42
2006-12-11,,,,1807.36
2006-12-12,,,,1738.28
2006-12-13,,,,1770.67
2006-12-14,,,,1816.95
2006-12-15,,,,1833.75
2006-12-18,,,,1833.32
2006-12-19,,,,1813.26
2006-12-20,,,,1809.99
2006-12-21,,,,1821.89
2006-12-22,,,,1839.95
2006-12-26,,,,1857.96
2006-12-27,,,,1871.36
2006-12-28,,,,1876.44
2006-12-29,,,,1892.8
2007-01-02,,,,1918.89
2007-01-03,,,,1940.84
2007-01-04,,,,1950.33
2007-01-05,,,,1955.63
2007-01-08,,,,1953.83
2007-01-09,,,,1944.09
2007-01-10,,,,1925.49
2007-01-11,,,,1952.82
2007-01-12,,,,1978.23
2007-01-15,,,,2001.2
2007-01-16,,,,2009.7
2007-01-17,,,,2022.47
2007-01-18,,,,2022.14
2007-01-19,,,,2013.25
2007-01-22,,,,2014.5
2007-01-23,,,,1991.64
2007-01-24,,,,1999.79
2007-01-25,,,,2017.21
2007-01-29,,,,2018.56
2007-01-31,,,,1999.25
2007-02-01,,,,2008.53
2007-02-02,,,,2019.74
2007-02-05,,,,2035.87
2007-02-06,,,,2043.69
2007-02-07,,,,2048.95
2007-02-08,,,,2044.38
2007-02-09,,,,2005.74
2007-02-12,,,,1924.18
2007-02-13,,,,1917.52
2007-02-14,,,,1925.12
2007-02-15,,,,1978.77
2007-02-19,,,,1978.71
2007-02-20,,,,1956.32
2007-02-21,,,,1959.69
2007-02-22,,,,1940.22
2007-02-23,,,,1890.05
2007-02-26,,,,1900.39
2007-02-27,,,,1906.02
2007-02-28,,,,1843.23
2007-03-01,,,,1847.06
2007-03-02,,,,1831.32
2007-03-05,,,,1736.63
2007-03-06,,,,1742.51
2007-03-07,,,,1704.82
2007-03-08,,,,1749.4
2007-03-09,,,,1746.94
2007-03-12,,,,1761.24
2007-03-13,,,,1785.51
2007-03-14,,,,1749.01
2007-03-15,,,,1760.7
2007-03-16,,,,1744.37
2007-03-19,,,,1760.09
2007-03-20,,,,1771.31
2007-03-21,,,,1777.53
2007-03-22,,,,1795.19
2007-03-23,,,,1798.55
2007-03-26,,,,1791.4
2007-03-28,,,,1767.11
2007-03-29,,,,1773.92
2007-03-30,,,,1795.47
2007-04-02,,,,1740.99
2007-04-03,,,,1749.05
2007-04-04,,,,1763.19
2007-04-05,,,,1778.4
2007-04-09,,,,1811.22
2007-04-10,,,,1830.66
2007-04-11,,,,1848.12
2007-04-12,,,,1845.09
2007-04-13,,,,1869.02
2007-04-16,,,,1899.62
2007-04-17,,,,1886.61
2007-04-18,,,,1895.81
2007-04-19,,,,1895.05
2007-04-20,,,,1912.26
2007-04-23,,,,1913.4
2007-04-24,,,,1925.64
2007-04-25,,,,1946.02
2007-04-26,,,,1937.48
2007-04-27,,,,1917.71
2007-04-30,,,,1936.24
2007-05-03,,,,1955.51
2007-05-04,,,,1951.29
2007-05-07,,,,1945.45
2007-05-08,,,,1925.11
2007-05-09,,,,1927.88
2007-05-10,,,,1933.41
2007-05-11,,,,1943.65
2007-05-14,,,,1972.31
2007-05-15,,,,1980.66
2007-05-16,,,,2005.85
2007-05-17,,,,2019.86
2007-05-18,,,,2020.91
2007-05-21,,,,2038.16
2007-05-22,,,,2040.7
2007-05-23,,,,2028.34
2007-05-24,,,,2022.02
2007-05-25,,,,2032.92
2007-05-28,,,,2052.47
2007-05-29,,,,2069.66
2007-05-30,,,,2049.59
2007-05-31,,,,2060.57
2007-06-01,,,,2078.78
2007-06-04,,,,2069.48
2007-06-05,,,,2076.85
2007-06-06,,,,2050.49
2007-06-07,,,,2049.6
2007-06-08,,,,2038.4
2007-06-11,,,,2031.31
2007-06-12,,,,2016.43
2007-06-13,,,,2012.0
2007-06-14,,,,2041.65
2007-06-15,,,,2050.71
2007-06-18,,,,2046.4
2007-06-19,,,,2067.18
2007-06-20,,,,2093.58
2007-06-21,,,,2106.85
2007-06-22,,,,2108.55
2007-06-25,,,,2112.75
2007-06-26,,,,2129.65
2007-06-27,,,,2133.48
2007-06-28,,,,2141.78
2007-06-29,,,,2163.62
2007-07-02,,,,2179.87
2007-07-03,,,,2200.11
2007-07-04,,,,2199.34
2007-07-05,,,,2181.06
2007-07-06,,,,2189.23
2007-07-09,,,,2209.78
2007-07-10,,,,2208.25
2007-07-11,,,,2221.38
2007-07-12,,,,2248.93
2007-07-13,,,,2249.85
2007-07-16,,,,2263.83
2007-07-17,,,,2245.33
2007-07-18,,,,2238.66
2007-07-19,,,,2256.97
2007-07-20,,,,2259.5
2007-07-23,,,,2260.13
2007-07-24,,,,2244.77
2007-07-25,,,,2226.93
2007-07-26,,,,2237.55
2007-07-27,,,,2178.6
2007-07-30,,,,2184.46
2007-07-31,,,,2219.11
2007-08-01,,,,2136.67
2007-08-02,,,,2152.18
2007-08-03,,,,2182.01
2007-08-06,,,,2161.09
2007-08-07,,,,2174.24
2007-08-08,,,,2204.25
2007-08-09,,,,2172.02
2007-08-10,,,,2156.46
2007-08-13,,,,2177.77
2007-08-14,,,,2178.76
2007-08-16,,,,2110.8
2007-08-17,,,,2083.86
2007-08-20,,,,2116.07
2007-08-21,,,,2044.63
2007-08-22,,,,2050.68
2007-08-23,,,,2029.01
2007-08-24,,,,2060.5
2007-08-27,,,,2113.37
2007-08-28,,,,2130.7
2007-08-29,,,,2146.81
2007-08-30,,,,2157.81
2007-08-31,,,,2198.79
2007-09-03,,,,2234.85
2007-09-04,,,,2250.42
2007-09-05,,,,2254.39
2007-09-06,,,,2276.01
2007-09-07,,,,2277.69
2007-09-10,,,,2286.05
2007-09-11,,,,2285.18
2007-09-12,,,,2293.31
2007-09-13,,,,2313.0
2007-09-14,,,,2300.2
2007-09-17,,,,2311.74
2007-09-18,,,,2342.35
2007-09-19,,,,2384.88
2007-09-20,,,,2392.64
2007-09-21,,,,2406.32
2007-09-24,,,,2433.04
2007-09-25,,,,2437.57
2007-09-26,,,,2457.89
2007-09-27,,,,2459.33
2007-09-28,,,,2498.65
2007-10-01,,,,2529.99
2007-10-03,,,,2534.9
2007-10-04,,,,2551.61
2007-10-05,,,,2530.57
2007-10-08,,,,2437.41
2007-10-09,,,,2505.61
2007-10-10,,,,2537.81
2007-10-11,,,,2570.98
2007-10-12,,,,2553.59
2007-10-15,,,,2623.66
2007-10-16,,,,2640.66
2007-10-17,,,,2586.07
2007-10-18,,,,2534.16
2007-10-19,,,,2471.39
2007-10-22,,,,2481.41
2007-10-23,,,,2570.79
2007-10-24,,,,2603.15
2007-10-25,,,,2636.0
2007-10-26,,,,2697.95
2007-10-29,,,,2755.5
2007-10-30,,,,2740.3
2007-10-31,,,,2769.11
2007-11-01,,,,2725.48
2007-11-02,,,,2747.08
2007-11-05,,,,2777.43
2007-11-06,,,,2763.79
2007-11-07,,,,2745.03
2007-11-08,,,,2729.6
2007-11-09,,,,2759.92
2007-11-12,,,,2740.76
2007-11-13,,,,2797.7
2007-11-14,,,,2868.46
2007-11-15,,,,2924.13
2007-11-16,,,,2962.29
2007-11-19,,,,3039.76
2007-11-20,,,,3006.75
2007-11-21,,,,2865.91
2007-11-22,,,,2815.97
2007-11-23,,,,2864.68
2007-11-26,,,,2920.73
2007-11-27,,,,2926.06
2007-11-28,,,,2933.96
2007-11-29,,,,2924.47
2007-11-30,,,,2996.45
2007-12-03,,,,3077.0
2007-12-04,,,,3122.2
2007-12-05,,,,3188.25
2007-12-06,,,,3186.64
2007-12-07,,,,3187.01
2007-12-10,,,,3212.5
2007-12-11,,,,3237.23
2007-12-12,,,,3294.33
2007-12-13,,,,3304.69
2007-12-14,,,,3337.92
2007-12-17,,,,3214.37
2007-12-18,,,,3224.23
2007-12-19,,,,3228.74
2007-12-20,,,,3208.64
2007-12-24,,,,3271.58
2007-12-26,,,,3350.84
2007-12-27,,,,3369.39
2007-12-28,,,,3434.76
2007-12-31,,,,3517.48
2008-01-01,,,,3584.3
2008-01-02,,,,3633.94
2008-01-03,,,,3631.24
2008-01-04,,,,3646.81
2008-01-07,,,,3659.09
2008-01-08,,,,3566.88
2008-01-09,,,,3536.59
2008-01-10,,,,3408.73
2008-01-11,,,,3393.1
2008-01-14,,,,3433.19
2008-01-15,,,,3398.83
2008-01-16,,,,3330.7
2008-01-17,,,,3358.34
2008-01-18,,,,3190.29
2008-01-21,,,,2800.05
2008-01-22,,,,2554.39
2008-01-23,,,,2758.1
2008-01-24,,,,2661.45
2008-01-25,,,,2830.76
2008-01-28,,,,2820.86
2008-01-29,,,,2837.67
2008-01-30,,,,2763.13
2008-01-31,,,,2727.44
2008-02-01,,,,2736.27
2008-02-04,,,,2816.61
2008-02-05,,,,2847.19
2008-02-06,,,,2818.56
2008-02-07,,,,2749.57
2008-02-08,,,,2691.16
2008-02-11,,,,2535.55
2008-02-12,,,,2476.69
2008-02-13,,,,2478.89
2008-02-14,,,,2611.36
2008-02-15,,,,2668.24
2008-02-18,,,,2688.11
2008-02-19,,,,2701.17
2008-02-20,,,,2660.72
2008-02-21,,,,2686.4
2008-02-22,,,,2660.94
2008-02-25,,,,2653.53
2008-02-26,,,,2693.33
2008-02-27,,,,2702.09
2008-02-28,,,,2697.85
2008-02-29,,,,2695.22
2008-03-03,,,,2577.68
2008-03-04,,,,2509.31
2008-03-05,,,,2481.51
2008-03-07,,,,2369.27
2008-03-10,,,,2354.93
2008-03-11,,,,2445.44
2008-03-12,,,,2424.15
2008-03-13,,,,2279.45
2008-03-14,,,,2300.17
2008-03-17,,,,2142.26
2008-03-18,,,,2113.89
2008-03-19,,,,2089.87
2008-03-24,,,,2029.24
2008-03-25,,,,2147.17
2008-03-26,,,,2187.17
2008-03-27,,,,2190.25
2008-03-28,,,,2282.75
2008-03-31,,,,2253.2
2008-04-01,,,,2239.08
2008-04-02,,,,2244.24
2008-04-03,,,,2234.01
2008-04-04,,,,2196.03
2008-04-07,,,,2218.94
2008-04-08,,,,2226.79
2008-04-09,,,,2257.88
2008-04-10,,,,2267.82
2008-04-11,,,,2282.36
2008-04-15,,,,2309.38
2008-04-16,,,,2344.5
2008-04-17,,,,2393.48
2008-04-21,,,,2448.6
2008-04-22,,,,2465.93
2008-04-23,,,,2474.44
2008-04-24,,,,2449.67
2008-04-25,,,,2463.92
2008-04-28,,,,2471.89
2008-04-29,,,,2500.72
2008-04-30,,,,2504.97
2008-05-02,,,,2533.25
2008-05-05,,,,2549.26
2008-05-06,,,,2516.96
2008-05-07,,,,2509.05
2008-05-08,,,,2490.56
2008-05-09,,,,2433.49
2008-05-12,,,,2414.11
2008-05-13,,,,2418.22
2008-05-14,,,,2434.05
2008-05-15,,,,2469.34
2008-05-16,,,,2488.69
2008-05-20,,,,2481.77
2008-05-21,,,,2503.68
2008-05-22,,,,2464.25
2008-05-23,,,,2426.64
2008-05-26,,,,2370.15
2008-05-27,,,,2346.42
2008-05-28,,,,2368.82
2008-05-29,,,,2359.29
2008-05-30,,,,2360.48
2008-06-02,,,,2298.68
2008-06-03,,,,2279.82
2008-06-04,,,,2221.38
2008-06-05,,,,2221.08
2008-06-06,,,,2208.2
2008-06-09,,,,2140.2
2008-06-10,,,,2121.01
2008-06-11,,,,2151.01
2008-06-12,,,,2165.55
2008-06-13,,,,2168.46
2008-06-16,,,,2193.7
2008-06-17,,,,2232.13
2008-06-18,,,,2220.53
2008-06-19,,,,2176.93
2008-06-20,,,,2111.05
2008-06-23,,,,2037.43
2008-06-24,,,,2005.06
2008-06-25,,,,2018.68
2008-06-26,,,,2017.32
2008-06-27,,,,1961.19
2008-06-30,,,,1900.17
2008-07-01,,,,1811.09
2008-07-02,,,,1869.23
2008-07-03,,,,1819.0
2008-07-04,,,,1857.19
2008-07-07,,,,1882.82
2008-07-08,,,,1877.05
2008-07-09,,,,1932.46
2008-07-10,,,,1935.28
2008-07-11,,,,1899.78
2008-07-14,,,,1889.08
2008-07-15,,,,1831.95
2008-07-16,,,,1806.16
2008-07-17,,,,1827.11
2008-07-18,,,,1851.82
2008-07-21,,,,1855.03
2008-07-22,,,,1887.21
2008-07-23,,,,1981.37
2008-07-24,,,,1978.71
2008-07-25,,,,1971.24
2008-07-28,,,,1994.5
2008-07-29,,,,1950.29
2008-07-30,,,,1983.85
2008-07-31,,,,1981.35
2008-08-01,,,,2006.75
2008-08-04,,,,2040.18
2008-08-05,,,,2064.82
2008-08-06,,,,2064.04
2008-08-07,,,,2075.06
2008-08-08,,,,2083.85
2008-08-11,,,,2117.79
2008-08-12,,,,2100.16
2008-08-13,,,,2100.84
2008-08-14,,,,2063.01
2008-08-18,,,,2044.39
2008-08-19,,,,2040.46
2008-08-20,,,,2064.12
2008-08-21,,,,2020.02
2008-08-22,,,,2019.46
2008-08-25,,,,2024.65
2008-08-26,,,,2023.14
2008-08-27,,,,2007.83
2008-08-28,,,,1980.9
2008-08-29,,,,2027.41
2008-09-01,,,,2025.34
2008-09-02,,,,2055.31
2008-09-04,,,,2049.13
2008-09-05,,,,2023.23
2008-09-08,,,,2042.8
2008-09-09,,,,2032.75
2008-09-10,,,,2011.52
2008-09-11,,,,1986.31
2008-09-12,,,,1949.22
2008-09-15,,,,1859.31
2008-09-16,,,,1832.82
2008-09-17,,,,1807.59
2008-09-18,,,,1779.31
2008-09-19,,,,1830.71
2008-09-22,,,,1825.13
2008-09-23,,,,1788.92
2008-09-24,,,,1795.05
2008-09-25,,,,1777.56
2008-09-26,,,,1722.44
2008-09-29,,,,1645.84
2008-09-30,,,,1668.84
2008-10-01,,,,1676.48
2008-10-03,,,,1629.08
2008-10-06,,,,1518.79
2008-10-07,,,,1483.91
2008-10-08,,,,1404.97
2008-10-10,,,,1294.32
2008-10-13,,,,1346.42
2008-10-14,,,,1370.25
2008-10-15,,,,1308.61
2008-10-16,,,,1294.86
2008-10-17,,,,1257.49
2008-10-20,,,,1244.5
2008-10-21,,,,1273.44
2008-10-22,,,,1239.91
2008-10-23,,,,1198.66
2008-10-24,,,,1099.62
2008-10-27,,,,1050.72
2008-10-28,,,,1118.83
2008-10-29,,,,1101.14
2008-10-31,,,,1138.53
2008-11-03,,,,1192.55
2008-11-04,,,,1225.73
2008-11-05,,,,1207.53
2008-11-06,,,,1178.9
2008-11-07,,,,1192.03
2008-11-10,,,,1230.84
2008-11-11,,,,1190.21
2008-11-12,,,,1168.15
2008-11-14,,,,1147.45
2008-11-17,,,,1117.53
2008-11-18,,,,1091.56
2008-11-19,,,,1070.55
2008-11-20,,,,1035.83
2008-11-21,,,,1040.22
2008-11-24,,,,1037.2
2008-11-25,,,,1027.33
2008-11-26,,,,1026.35
2008-11-28,,,,1028.63
2008-12-01,,,,1016.19
2008-12-02,,,,1002.03
2008-12-03,,,,1009.72
2008-12-04,,,,1041.59
2008-12-05,,,,1032.49
2008-12-08,,,,1032.33
2008-12-10,,,,1052.19
2008-12-11,,,,1071.76
2008-12-12,,,,1090.06
2008-12-15,,,,1130.2
2008-12-16,,,,1160.82
2008-12-17,,,,1124.17
2008-12-18,,,,1147.38
2008-12-19,,,,1165.63
2008-12-22,,,,1160.01
2008-12-23,,,,1129.48
2008-12-24,,,,1119.63
2008-12-26,,,,1108.49
2008-12-29,,,,1121.31
2008-12-30,,,,1144.98
2008-12-31,,,,1153.42
2009-01-01,,,,1184.34
2009-01-02,,,,1207.73
2009-01-05,,,,1227.22
2009-01-06,,,,1224.7
2009-01-07,,,,1140.29
2009-01-09,,,,1109.61
2009-01-12,,,,1090.6
2009-01-13,,,,1076.26
2009-01-14,,,,1094.5
2009-01-15,,,,1075.52
2009-01-16,,,,1081.73
2009-01-19,,,,1090.82
2009-01-20,,,,1083.47
2009-01-21,,,,1062.07
2009-01-22,,,,1043.48
2009-01-23,,,,1028.88
2009-01-27,,,,1033.65
2009-01-28,,,,1044.86
2009-01-29,,,,1043.55
2009-01-30,,,,1054.32
2009-02-02,,,,1039.14
2009-02-03,,,,1034.13
2009-02-04,,,,1032.85
2009-02-05,,,,1024.48
2009-02-06,,,,1040.22
2009-02-09,,,,1055.24
2009-02-10,,,,1063.21
2009-02-11,,,,1067.89
2009-02-12,,,,1072.13
2009-02-13,,,,1086.41
2009-02-16,,,,1056.94
2009-02-17,,,,1033.54
2009-02-18,,,,1029.79
2009-02-19,,,,1026.78
2009-02-20,,,,1011.02
2009-02-24,,,,993.55
2009-02-25,,,,998.12
2009-02-26,,,,995.63
2009-02-27,,,,994.08
2009-03-02,,,,976.27
2009-03-03,,,,963.33
2009-03-04,,,,959.4
2009-03-05,,,,943.13
2009-03-06,,,,939.27
2009-03-09,,,,925.63
2009-03-12,,,,929.85
2009-03-13,,,,952.13
2009-03-16,,,,978.38
2009-03-17,,,,981.94
2009-03-18,,,,1006.07
2009-03-19,,,,1015.47
2009-03-20,,,,1005.36
2009-03-23,,,,1031.42
2009-03-24,,,,1026.22
2009-03-25,,,,1032.22
2009-03-26,,,,1037.17
2009-03-27,,,,1057.6
2009-03-30,,,,1045.19
2009-03-31,,,,1065.8
2009-04-01,,,,1087.53
2009-04-02,,,,1123.19
2009-04-06,,,,1151.79
2009-04-08,,,,1192.34
2009-04-09,,,,1211.19
2009-04-13,,,,1249.76
2009-04-15,,,,1303.62
2009-04-16,,,,1242.14
2009-04-17,,,,1252.51
2009-04-20,,,,1273.39
2009-04-21,,,,1276.7
2009-04-22,,,,1257.01
2009-04-23,,,,1269.5
2009-04-24,,,,1289.94
2009-04-27,,,,1281.54
2009-04-28,,,,1236.32
2009-04-29,,,,1255.94
2009-05-04,,,,1299.16
2009-05-05,,,,1321.86
2009-05-06,,,,1313.63
2009-05-07,,,,1349.27
2009-05-08,,,,1349.82
2009-05-11,,,,1327.7
2009-05-12,,,,1342.12
2009-05-13,,,,1339.25
2009-05-14,,,,1345.3
2009-05-15,,,,1358.32
2009-05-18,,,,1495.72
2009-05-19,,,,1540.48
2009-05-20,,,,1657.59
2009-05-21,,,,1680.81
2009-05-22,,,,1720.19
2009-05-25,,,,1787.59
2009-05-26,,,,1728.33
2009-05-27,,,,1792.5
2009-05-28,,,,1796.22
2009-05-29,,,,1845.67
2009-06-01,,,,1900.92
2009-06-02,,,,1920.43
2009-06-03,,,,1953.93
2009-06-04,,,,1997.89
2009-06-05,,,,1983.89
2009-06-08,,,,1876.73
2009-06-09,,,,1918.63
2009-06-10,,,,1935.14
2009-06-11,,,,1927.03
2009-06-12,,,,1882.6
2009-06-15,,,,1840.62
2009-06-16,,,,1876.26
2009-06-17,,,,1804.64
2009-06-18,,,,1746.02
2009-06-19,,,,1769.72
2009-06-22,,,,1760.08
2009-06-23,,,,1764.34
2009-06-24,,,,1805.04
2009-06-25,,,,1799.67
2009-06-26,,,,1837.61
2009-06-29,,,,1862.55
2009-06-30,,,,1812.31
2009-07-01,,,,1823.63
2009-07-02,,,,1834.58
2009-07-03,,,,1845.02
2009-07-06,,,,1756.58
2009-07-07,,,,1760.59
2009-07-08,,,,1699.71
2009-07-09,,,,1705.4
2009-07-10,,,,1673.04
2009-07-13,,,,1620.36
2009-07-14,,,,1686.94
2009-07-15,,,,1758.66
2009-07-16,,,,1766.22
2009-07-17,,,,1807.56
2009-07-20,,,,1854.78
2009-07-21,,,,1851.7
2009-07-22,,,,1836.36
2009-07-23,,,,1876.7
2009-07-24,,,,1909.62
2009-07-27,,,,1938.13
2009-07-28,,,,1963.39
2009-07-29,,,,1941.43
2009-07-30,,,,1953.82
2009-07-31,,,,1968.77
2009-08-03,,,,2001.35
2009-08-04,,,,2003.9
2009-08-05,,,,2012.0
2009-08-06,,,,1972.3
2009-08-07,,,,1930.92
2009-08-10,,,,1901.25
2009-08-11,,,,1915.92
2009-08-12,,,,1922.25
2009-08-13,,,,1993.13
2009-08-14,,,,1995.06
2009-08-17,,,,1925.68
2009-08-18,,,,1962.08
2009-08-19,,,,1948.93
2009-08-20,,,,1964.16
2009-08-21,,,,1993.63
2009-08-24,,,,2046.09
2009-08-25,,,,2060.57
2009-08-26,,,,2092.57
2009-08-27,,,,2101.23
2009-08-28,,,,2119.02
2009-08-31,,,,2128.01
2009-09-01,,,,2097.89
2009-09-02,,,,2088.0
2009-09-03,,,,2094.19
2009-09-04,,,,2114.8
2009-09-07,,,,2165.25
2009-09-08,,,,2161.92
2009-09-09,,,,2160.11
2009-09-10,,,,2151.95
2009-09-11,,,,2147.81
2009-09-14,,,,2150.8
2009-09-15,,,,2185.93
2009-09-16,,,,2207.81
2009-09-17,,,,2212.86
2009-09-18,,,,2226.32
2009-09-22,,,,2244.22
2009-09-23,,,,2213.27
2009-09-24,,,,2224.16
2009-09-25,,,,2243.87
2009-09-29,,,,2256.46
2009-09-30,,,,2280.3
2009-10-01,,,,2269.67
2009-10-05,,,,2226.48
2009-10-06,,,,2218.12
2009-10-07,,,,2237.1
2009-10-08,,,,2248.34
2009-10-09,,,,2233.75
2009-10-12,,,,2259.11
2009-10-14,,,,2298.78
2009-10-15,,,,2314.45
2009-10-16,,,,2333.7
2009-10-17,,,,2352.34
2009-10-20,,,,2354.08
2009-10-21,,,,2339.7
2009-10-22,,,,2292.92
2009-10-23,,,,2311.29
2009-10-26,,,,2275.04
2009-10-27,,,,2185.87
2009-10-28,,,,2182.44
2009-10-29,,,,2146.26
2009-10-30,,,,2137.1
2009-11-03,,,,2053.3
2009-11-04,,,,2107.49
2009-11-05,,,,2144.77
2009-11-06,,,,2194.41
2009-11-09,,,,2237.25
2009-11-10,,,,2236.25
2009-11-11,,,,2280.25
2009-11-12,,,,2265.26
2009-11-13,,,,2272.33
2009-11-16,,,,2295.43
2009-11-17,,,,2295.4
2009-11-18,,,,2307.5
2009-11-19,,,,2272.38
2009-11-20,,,,2295.29
2009-11-23,,,,2307.38
2009-11-24,,,,2313.38
2009-11-25,,,,2312.98
2009-11-26,,,,2283.48
2009-11-27,,,,2243.38
2009-11-30,,,,2285.92
2009-12-01,,,,2329.88
2009-12-02,,,,2349.38
2009-12-03,,,,2361.31
2009-12-04,,,,2362.66
2009-12-07,,,,2347.67
2009-12-08,,,,2373.98
2009-12-09,,,,2366.41
2009-12-10,,,,2379.46
2009-12-11,,,,2365.04
2009-12-14,,,,2350.78
2009-12-15,,,,2316.62
2009-12-16,,,,2324.84
2009-12-17,,,,2345.12
2009-12-18,,,,2333.88
2009-12-21,,,,2326.56
2009-12-22,,,,2345.85
2009-12-23,,,,2379.54
2009-12-24,,,,2393.57
2009-12-29,,,,2412.22
2009-12-30,,,,2429.64
2009-12-31,,,,2437.34
2010-01-04,,,,2475.88
2010-01-05,,,,2503.56
2010-01-06,,,,2519.75
2010-01-07,,,,2529.11
2010-01-08,,,,2531.98
2010-01-11,,,,2564.24
2010-01-12,,,,2538.57
2010-01-13,,,,2554.23
2010-01-14,,,,2583.32
2010-01-15,,,,2600.12
2010-01-18,,,,2618.8
2010-01-19,,,,2607.75
2010-01-20,,,,2608.12
2010-01-21,,,,2545.67
2010-01-22,,,,2521.25
2010-01-25,,,,2492.5
2010-01-27,,,,2388.03
2010-01-28,,,,2390.85
2010-01-29,,,,2417.21
2010-02-01,,,,2458.14
2010-02-02,,,,2433.12
2010-02-03,,,,2467.12
2010-02-04,,,,2422.36
2010-02-05,,,,2354.55
2010-02-06,,,,2390.36
2010-02-08,,,,2386.3
2010-02-09,,,,2401.94
2010-02-10,,,,2400.29
2010-02-11,,,,2419.5
2010-02-15,,,,2405.46
2010-02-16,,,,2417.94
2010-02-17,,,,2438.54
2010-02-18,,,,2427.08
2010-02-19,,,,2394.06
2010-02-22,,,,2375.75
2010-02-23,,,,2355.1
2010-02-24,,,,2341.59
2010-02-25,,,,2330.18
2010-02-26,,,,2363.73
2010-03-02,,,,2416.24
2010-03-03,,,,2448.29
2010-03-04,,,,2467.96
2010-03-05,,,,2483.94
2010-03-08,,,,2502.03
2010-03-09,,,,2482.96
2010-03-10,,,,2477.72
2010-03-11,,,,2470.42
2010-03-12,,,,2465.86
2010-03-15,,,,2444.6
2010-03-16,,,,2470.9
2010-03-17,,,,2478.11
2010-03-18,,,,2484.28
2010-03-19,,,,2490.15
2010-03-22,,,,2466.15
2010-03-23,,,,2474.05
2010-03-25,,,,2476.64
2010-03-26,,,,2487.49
2010-03-29,,,,2485.23
2010-03-30,,,,2496.76
2010-03-31,,,,2506.27
2010-04-01,,,,2540.72
2010-04-05,,,,2576.72
2010-04-06,,,,2590.1
2010-04-07,,,,2605.87
2010-04-08,,,,2595.82
2010-04-09,,,,2619.12
2010-04-12,,,,2619.99
2010-04-13,,,,2613.68
2010-04-15,,,,2611.43
2010-04-16,,,,2601.24
2010-04-19,,,,2567.1
2010-04-20,,,,2600.46
2010-04-21,,,,2624.46
2010-04-22,,,,2623.51
2010-04-23,,,,2632.45
2010-04-26,,,,2645.51
2010-04-27,,,,2643.09
2010-04-28,,,,2597.4
2010-04-29,,,,2624.62
2010-04-30,,,,2645.69
2010-05-03,,,,2632.06
2010-05-04,,,,2591.98
2010-05-05,,,,2592.52
2010-05-06,,,,2588.33
2010-05-07,,,,2519.57
2010-05-10,,,,2577.24
2010-05-11,,,,2556.23
2010-05-12,,,,2558.09
2010-05-13,,,,2584.75
2010-05-14,,,,2555.61
2010-05-17,,,,2544.48
2010-05-18,,,,2557.34
2010-05-19,,,,2491.97
2010-05-20,,,,2487.1
2010-05-21,,,,2453.16
2010-05-24,,,,2459.17
2010-05-25,,,,2386.36
2010-05-26,,,,2419.91
2010-05-27,,,,2442.91
2010-05-28,,,,2480.42
2010-05-31,,,,2507.32
2010-06-01,,,,2480.39
2010-06-02,,,,2497.36
2010-06-03,,,,2523.31
2010-06-04,,,,2527.66
2010-06-07,,,,2494.86
2010-06-08,,,,2479.99
2010-06-09,,,,2490.09
2010-06-10,,,,2519.58
2010-06-11,,,,2530.51
2010-06-14,,,,2554.46
2010-06-15,,,,2572.78
2010-06-16,,,,2578.51
2010-06-17,,,,2587.63
2010-06-18,,,,2575.14
2010-06-21,,,,2604.72
2010-06-22,,,,2605.19
2010-06-23,,,,2627.71
2010-06-24,,,,2629.37
2010-06-25,,,,2614.7
2010-06-28,,,,2643.5
2010-06-29,,,,2626.84
2010-06-30,,,,2640.19
2010-07-01,,,,2633.5
2010-07-02,,,,2634.93
2010-07-05,,,,2642.51
2010-07-06,,,,2659.5
2010-07-07,,,,2656.98
2010-07-08,,,,2675.26
2010-07-09,,,,2692.3
2010-07-12,,,,2702.8
2010-07-13,,,,2719.74
2010-07-14,,,,2711.64
2010-07-15,,,,2714.67
2010-07-16,,,,2727.01
2010-07-19,,,,2729.57
2010-07-20,,,,2720.14
2010-07-21,,,,2732.39
2010-07-22,,,,2744.03
2010-07-23,,,,2735.37
2010-07-26,,,,2709.43
2010-07-27,,,,2713.09
2010-07-28,,,,2707.16
2010-07-29,,,,2711.15
2010-07-30,,,,2720.45
2010-08-02,,,,2743.98
2010-08-03,,,,2754.48
2010-08-04,,,,2761.31
2010-08-05,,,,2767.25
2010-08-06,,,,2774.46
2010-08-09,,,,2809.26
2010-08-10,,,,2798.18
2010-08-11,,,,2788.89
2010-08-12,,,,2791.02
2010-08-13,,,,2814.75
2010-08-16,,,,2815.21
2010-08-17,,,,2832.58
2010-08-18,,,,2855.52
2010-08-19,,,,2883.87
2010-08-20,,,,2885.37
2010-08-23,,,,2904.47
2010-08-24,,,,2886.48
2010-08-25,,,,2844.6
2010-08-26,,,,2845.48
2010-08-27,,,,2817.87
2010-08-30,,,,2815.55
2010-08-31,,,,2797.82
2010-09-01,,,,2845.83
2010-09-02,,,,2867.98
2010-09-03,,,,2900.2
2010-09-06,,,,2938.16
2010-09-07,,,,2947.57
2010-09-08,,,,2956.26
2010-09-09,,,,2972.08
2010-09-13,,,,2990.69
2010-09-14,,,,2976.14
2010-09-15,,,,2975.95
2010-09-16,,,,2951.2
2010-09-17,,,,2993.62
2010-09-20,,,,3007.75
2010-09-21,,,,2972.73
2010-09-22,,,,2962.73
2010-09-23,,,,2957.13
2010-09-24,,,,2989.16
2010-09-27,,,,2993.28
2010-09-28,,,,2995.11
2010-09-29,,,,2980.41
2010-09-30,,,,2975.35
2010-10-01,,,,3024.93
2010-10-04,,,,3043.18
2010-10-05,,,,3070.08
2010-10-06,,,,3105.96
2010-10-07,,,,3082.92
2010-10-08,,,,3069.86
2010-10-11,,,,3102.26
2010-10-12,,,,3088.04
2010-10-13,,,,3119.9
2010-10-14,,,,3107.84
2010-10-15,,,,3069.86
2010-10-18,,,,3056.14
2010-10-19,,,,3062.66
2010-10-20,,,,3056.68
2010-10-21,,,,3095.81
2010-10-22,,,,3105.69
2010-10-25,,,,3134.78
2010-10-26,,,,3129.69
2010-10-27,,,,3118.22
2010-10-28,,,,3094.61
2010-10-29,,,,3072.84
2010-11-01,,,,3120.83
2010-11-02,,,,3131.07
2010-11-03,,,,3150.15
2010-11-04,,,,3173.21
2010-11-05,,,,3199.18
2010-11-08,,,,3200.22
2010-11-09,,,,3212.54
2010-11-10,,,,3225.05
2010-11-11,,,,3194.04
2010-11-12,,,,3117.57
2010-11-15,,,,3116.53
2010-11-16,,,,3043.83
2010-11-18,,,,3028.16
2010-11-19,,,,2969.24
2010-11-22,,,,3009.88
2010-11-23,,,,2972.14
2010-11-24,,,,2933.38
2010-11-25,,,,2874.57
2010-11-26,,,,2782.02
2010-11-29,,,,2795.58
2010-11-30,,,,2838.1
2010-12-01,,,,2920.41
2010-12-02,,,,2953.99
2010-12-03,,,,2881.88
2010-12-06,,,,2868.11
2010-12-07,,,,2831.87
2010-12-08,,,,2766.09
2010-12-09,,,,2636.71
2010-12-10,,,,2694.87
2010-12-13,,,,2748.37
2010-12-14,,,,2790.39
2010-12-15,,,,2751.78
2010-12-16,,,,2760.81
2010-12-20,,,,2761.58
2010-12-21,,,,2782.71
2010-12-22,,,,2788.04
2010-12-23,,,,2785.55
2010-12-24,,,,2794.18
2010-12-27,,,,2792.6
2010-12-28,,,,2795.95
2010-12-29,,,,2812.87
2010-12-30,,,,2830.17
2010-12-31,,,,2864.24
2011-01-03,,,,2892.72
2011-01-04,,,,2888.64
2011-01-05,,,,2850.28
2011-01-06,,,,2814.61
2011-01-07,,,,2739.98
2011-01-10,,,,2671.97
2011-01-11,,,,2655.28
2011-01-12,,,,2705.44
2011-01-13,,,,2684.25
2011-01-14,,,,2648.93
2011-01-17,,,,2614.91
2011-01-18,,,,2624.97
2011-01-19,,,,2633.63
2011-01-20,,,,2638.14
2011-01-21,,,,2645.58
2011-01-24,,,,2668.48
2011-01-25,,,,2652.67
2011-01-27,,,,2600.22
2011-01-28,,,,2529.96
2011-01-31,,,,2523.73
2011-02-01,,,,2482.88
2011-02-02,,,,2484.13
2011-02-03,,,,2513.17
2011-02-04,,,,2479.9
2011-02-07,,,,2463.85
2011-02-08,,,,2404.46
2011-02-09,,,,2313.01
2011-02-10,,,,2308.24
2011-02-11,,,,2374.58
2011-02-14,,,,2460.19
2011-02-15,,,,2468.71
2011-02-16,,,,2482.64
2011-02-17,,,,2508.71
2011-02-18,,,,2461.14
2011-02-21,,,,2462.47
2011-02-22,,,,2443.3
2011-02-23,,,,2430.88
2011-02-24,,,,2355.35
2011-02-25,,,,2353.26
2011-02-28,,,,2361.74
2011-03-01,,,,2435.8
2011-03-03,,,,2440.9
2011-03-04,,,,2441.1
2011-03-07,,,,2407.79
2011-03-08,,,,2431.0
2011-03-09,,,,2447.55
2011-03-10,,,,2442.12
2011-03-11,,,,2418.47
2011-03-14,,,,2430.73
2011-03-15,,,,2395.19
2011-03-16,,,,2429.86
2011-03-17,,,,2423.58
2011-03-18,,,,2407.7
2011-03-21,,,,2401.5
2011-03-22,,,,2420.97
2011-03-23,,,,2442.68
2011-03-24,,,,2463.78
2011-03-25,,,,2492.98
2011-03-28,,,,2500.64
2011-03-29,,,,2504.82
2011-03-30,,,,2544.69
2011-03-31,,,,2548.83
2011-04-01,,,,2590.79
2011-04-04,,,,2640.93
2011-04-05,,,,2666.68
2011-04-06,,,,2681.45
2011-04-07,,,,2704.9
2011-04-08,,,,2669.26
2011-04-11,,,,2652.11
2011-04-13,,,,2688.23
2011-04-15,,,,2681.38
2011-04-18,,,,2644.85
2011-04-19,,,,2654.47
2011-04-20,,,,2687.35
2011-04-21,,,,2689.15
2011-04-25,,,,2687.89
2011-04-26,,,,2688.05
2011-04-27,,,,2683.99
2011-04-28,,,,2664.99
2011-04-29,,,,2633.56
2011-05-02,,,,2605.53
2011-05-03,,,,2555.69
2011-05-04,,,,2544.11
2011-05-05,,,,2518.05
2011-05-06,,,,2545.02
2011-05-09,,,,2545.26
2011-05-10,,,,2548.11
2011-05-11,,,,2567.29
2011-05-12,,,,2541.42
2011-05-13,,,,2566.34
2011-05-16,,,,2543.2
2011-05-17,,,,2525.08
2011-05-18,,,,2508.78
2011-05-19,,,,2494.53
2011-05-20,,,,2512.58
2011-05-23,,,,2474.26
2011-05-24,,,,2476.7
2011-05-25,,,,2464.15
2011-05-26,,,,2468.81
2011-05-27,,,,2505.99
2011-05-30,,,,2525.98
2011-05-31,,,,2563.62
2011-06-01,,,,2579.79
2011-06-02,,,,2565.61
2011-06-03,,,,2559.41
2011-06-06,,,,2561.23
2011-06-07,,,,2579.41
2011-06-08,,,,2579.92
2011-06-09,,,,2575.97
2011-06-10,,,,2566.2
2011-06-13,,,,2573.19
2011-06-14,,,,2585.7
2011-06-15,,,,2568.91
2011-06-16,,,,2550.09
2011-06-17,,,,2528.3
2011-06-20,,,,2451.01
2011-06-21,,,,2442.91
2011-06-22,,,,2423.29
2011-06-23,,,,2423.03
2011-06-24,,,,2476.97
2011-06-27,,,,2501.65
2011-06-28,,,,2517.79
2011-06-29,,,,2539.44
2011-06-30,,,,2547.93
2011-07-01,,,,2562.92
2011-07-04,,,,2588.02
2011-07-05,,,,2588.85
2011-07-06,,,,2593.09
2011-07-07,,,,2620.83
2011-07-08,,,,2601.57
2011-07-11,,,,2593.27
2011-07-12,,,,2562.96
2011-07-13,,,,2593.58
2011-07-14,,,,2602.16
2011-07-15,,,,2601.69
2011-07-18,,,,2604.77
2011-07-19,,,,2618.92
2011-07-20,,,,2597.46
2011-07-21,,,,2586.45
2011-07-22,,,,2617.62
2011-07-25,,,,2631.24
2011-07-26,,,,2605.33
2011-07-27,,,,2609.74
2011-07-28,,,,2585.93
2011-07-29,,,,2571.78
2011-08-01,,,,2568.22
2011-08-02,,,,2530.06
2011-08-03,,,,2522.23
2011-08-04,,,,2502.72
2011-08-05,,,,2447.63
2011-08-08,,,,2403.89
2011-08-09,,,,2366.1
2011-08-10,,,,2420.59
2011-08-11,,,,2415.21
2011-08-12,,,,2403.21
2011-08-16,,,,2365.55
2011-08-17,,,,2339.03
2011-08-18,,,,2288.8
2011-08-19,,,,2254.45
2011-08-22,,,,2285.03
2011-08-23,,,,2310.13
2011-08-24,,,,2296.81
2011-08-25,,,,2272.91
2011-08-26,,,,2222.78
2011-08-29,,,,2278.03
2011-08-30,,,,2313.72
2011-09-02,,,,2330.45
2011-09-05,,,,2338.33
2011-09-06,,,,2353.42
2011-09-07,,,,2384.46
2011-09-08,,,,2392.69
2011-09-09,,,,2371.44
2011-09-12,,,,2321.1
2011-09-13,,,,2321.88
2011-09-14,,,,2331.17
2011-09-15,,,,2345.28
2011-09-16,,,,2349.64
2011-09-19,,,,2346.71
2011-09-20,,,,2370.72
2011-09-21,,,,2390.79
2011-09-22,,,,2315.83
2011-09-23,,,,2295.55
2011-09-26,,,,2263.94
2011-09-27,,,,2301.74
2011-09-28,,,,2283.29
2011-09-29,,,,2281.59
2011-09-30,,,,2272.33
2011-10-03,,,,2230.39
2011-10-04,,,,2202.52
2011-10-05,,,,2177.55
2011-10-07,,,,2209.8
2011-10-10,,,,2238.52
2011-10-11,,,,2247.4
2011-10-12,,,,2280.75
2011-10-13,,,,2283.59
2011-10-14,,,,2293.34
2011-10-17,,,,2299.1
2011-10-18,,,,2270.01
2011-10-19,,,,2298.89
2011-10-20,,,,2282.28
2011-10-21,,,,2268.95
2011-10-24,,,,2261.28
2011-10-25,,,,2269.17
2011-10-26,,,,2294.64
2011-10-28,,,,2333.58
2011-10-31,,,,2342.4
2011-11-01,,,,2329.43
2011-11-02,,,,2329.46
2011-11-03,,,,2328.72
2011-11-04,,,,2346.69
2011-11-08,,,,2349.04
2011-11-09,,,,2319.08
2011-11-11,,,,2287.54
2011-11-14,,,,2249.84
2011-11-15,,,,2188.99
2011-11-16,,,,2166.9
2011-11-17,,,,2139.32
2011-11-18,,,,2116.37
2011-11-21,,,,2079.99
2011-11-22,,,,2084.94
2011-11-23,,,,2044.63
2011-11-24,,,,2071.9
2011-11-25,,,,2079.14
2011-11-28,,,,2113.39
2011-11-29,,,,2102.36
2011-11-30,,,,2086.63
2011-12-01,,,,2106.25
2011-12-02,,,,2136.24
2011-12-05,,,,2137.84
2011-12-07,,,,2140.57
2011-12-08,,,,2100.65
2011-12-09,,,,2083.96
2011-12-12,,,,2043.78
2011-12-13,,,,2031.9
2011-12-14,,,,2013.27
2011-12-15,,,,1989.31
2011-12-16,,,,1953.63
2011-12-19,,,,1911.65
2011-12-20,,,,1874.09
2011-12-21,,,,1896.89
2011-12-22,,,,1912.85
2011-12-23,,,,1913.72
2011-12-26,,,,1931.66
2011-12-27,,,,1918.33
2011-12-28,,,,1896.03
2011-12-29,,,,1887.01
2011-12-30,,,,1890.91
2012-01-02,,,,1889.73
2012-01-03,,,,1939.57
2012-01-04,,,,1940.81
2012-01-05,,,,1942.05
2012-01-06,,,,1939.47
2012-01-07,,,,1954.57
2012-01-09,,,,1969.99
2012-01-10,,,,2017.08
2012-01-11,,,,2041.72
2012-01-12,,,,2049.64
2012-01-13,,,,2073.94
2012-01-16,,,,2074.84
2012-01-17,,,,2102.23
2012-01-18,,,,2079.48
2012-01-19,,,,2105.97
2012-01-20,,,,2111.3
2012-01-23,,,,2111.73
2012-01-24,,,,2141.09
2012-01-25,,,,2172.51
2012-01-27,,,,2185.77
2012-01-30,,,,2140.93
2012-01-31,,,,2184.66
2012-02-01,,,,2214.8
2012-02-02,,,,2234.2
2012-02-03,,,,2261.23
2012-02-06,,,,2288.09
2012-02-07,,,,2273.4
2012-02-08,,,,2303.66
2012-02-09,,,,2334.16
2012-02-10,,,,2339.65
2012-02-13,,,,2346.59
2012-02-14,,,,2371.26
2012-02-15,,,,2415.9
2012-02-16,,,,2435.39
2012-02-17,,,,2436.73
2012-02-21,,,,2458.38
2012-02-22,,,,2371.42
2012-02-23,,,,2356.82
2012-02-24,,,,2338.88
2012-02-27,,,,2266.66
2012-02-28,,,,2339.16
2012-02-29,,,,2365.75
2012-03-01,,,,2352.04
2012-03-02,,,,2349.75
2012-03-03,,,,2353.68
2012-03-05,,,,2323.67
2012-03-06,,,,2297.64
2012-03-07,,,,2295.84
2012-03-09,,,,2347.25
2012-03-12,,,,2368.18
2012-03-13,,,,2395.48
2012-03-14,,,,2399.75
2012-03-15,,,,2365.3
2012-03-16,,,,2343.63
2012-03-19,,,,2320.82
2012-03-20,,,,2337.1
2012-03-21,,,,2379.14
2012-03-22,,,,2330.2
2012-03-23,,,,2343.12
2012-03-26,,,,2306.49
2012-03-27,,,,2306.1
2012-03-28,,,,2285.71
2012-03-29,,,,2290.84
2012-03-30,,,,2347.18
2012-04-02,,,,2373.78
2012-04-03,,,,2397.43
2012-04-04,,,,2397.29
2012-04-09,,,,2365.14
2012-04-10,,,,2361.82
2012-04-11,,,,2350.1
2012-04-12,,,,2371.29
2012-04-13,,,,2350.86
2012-04-16,,,,2368.27
2012-04-17,,,,2385.05
2012-04-18,,,,2393.59
2012-04-19,,,,2397.36
2012-04-20,,,,2375.61
2012-04-23,,,,2335.28
2012-04-24,,,,2331.15
2012-04-25,,,,2317.43
2012-04-26,,,,2308.35
2012-04-27,,,,2304.57
2012-04-28,,,,2313.73
2012-04-30,,,,2331.63
2012-05-02,,,,2328.95
2012-05-03,,,,2304.02
2012-05-04,,,,2259.41
2012-05-07,,,,2268.4
2012-05-08,,,,2235.73
2012-05-09,,,,2210.23
2012-05-10,,,,2211.49
2012-05-11,,,,2193.08
2012-05-14,,,,2169.12
2012-05-15,,,,2181.48
2012-05-16,,,,2159.07
2012-05-17,,,,2159.98
2012-05-18,,,,2156.7
2012-05-21,,,,2171.74
2012-05-22,,,,2157.33
2012-05-23,,,,2146.99
2012-05-24,,,,2162.62
2012-05-25,,,,2171.96
2012-05-28,,,,2195.49
2012-05-29,,,,2192.67
2012-05-30,,,,2166.99
2012-05-31,,,,2170.04
2012-06-01,,,,2139.13
2012-06-04,,,,2134.09
2012-06-05,,,,2140.82
2012-06-06,,,,2180.69
2012-06-07,,,,2196.13
2012-06-08,,,,2203.52
2012-06-11,,,,2199.16
2012-06-12,,,,2212.64
2012-06-13,,,,2211.57
2012-06-14,,,,2185.77
2012-06-15,,,,2199.75
2012-06-18,,,,2175.75
2012-06-19,,,,2180.33
2012-06-20,,,,2200.17
2012-06-21,,,,2220.92
2012-06-22,,,,2222.59
2012-06-25,,,,2223.77
2012-06-26,,,,2229.11
2012-06-27,,,,2236.54
2012-06-28,,,,2238.64
2012-06-29,,,,2278.77
2012-07-02,,,,2297.65
2012-07-03,,,,2310.34
2012-07-04,,,,2329.67
2012-07-05,,,,2355.74
2012-07-06,,,,2342.73
2012-07-09,,,,2312.86
2012-07-10,,,,2337.66
2012-07-11,,,,2333.39
2012-07-12,,,,2318.18
2012-07-13,,,,2315.45
2012-07-16,,,,2301.51
2012-07-17,,,,2283.8
2012-07-18,,,,2293.16
2012-07-19,,,,2298.88
2012-07-20,,,,2293.63
2012-07-23,,,,2260.75
2012-07-24,,,,2266.01
2012-07-25,,,,2252.7
2012-07-26,,,,2208.72
2012-07-27,,,,2190.26
2012-07-30,,,,2223.19
2012-07-31,,,,2236.35
2012-08-01,,,,2257.87
2012-08-02,,,,2264.17
2012-08-03,,,,2260.74
2012-08-06,,,,2273.82
2012-08-07,,,,2283.2
2012-08-08,,,,2274.73
2012-08-09,,,,2269.71
2012-08-10,,,,2267.45
2012-08-13,,,,2280.47
2012-08-14,,,,2288.32
2012-08-16,,,,2291.16
2012-08-17,,,,2290.26
2012-08-21,,,,2295.75
2012-08-22,,,,2287.87
2012-08-23,,,,2287.64
2012-08-24,,,,2273.77
2012-08-27,,,,2251.32
2012-08-28,,,,2228.54
2012-08-29,,,,2213.28
2012-08-30,,,,2220.65
2012-08-31,,,,2218.07
2012-09-03,,,,2222.92
2012-09-04,,,,2234.61
2012-09-05,,,,2227.23
2012-09-06,,,,2234.66
2012-09-07,,,,2261.27
2012-09-08,,,,2271.6
2012-09-10,,,,2278.75
2012-09-11,,,,2284.42
2012-09-12,,,,2294.48
2012-09-13,,,,2290.9
2012-09-14,,,,2309.94
2012-09-17,,,,2338.91
2012-09-18,,,,2356.25
2012-09-20,,,,2338.84
2012-09-21,,,,2378.71
2012-09-24,,,,2391.86
2012-09-25,,,,2405.5
2012-09-26,,,,2413.15
2012-09-27,,,,2423.61
2012-09-28,,,,2449.41
2012-10-01,,,,2475.68
2012-10-03,,,,2494.54
2012-10-04,,,,2506.55
2012-10-05,,,,2487.31
2012-10-08,,,,2470.51
2012-10-09,,,,2484.55
2012-10-10,,,,2449.99
2012-10-11,,,,2480.09
2012-10-12,,,,2480.5
2012-10-15,,,,2483.34
2012-10-16,,,,2468.82
2012-10-17,,,,2470.49
2012-10-18,,,,2497.34
2012-10-19,,,,2484.28
2012-10-22,,,,2484.38
2012-10-23,,,,2477.74
2012-10-25,,,,2476.78
2012-10-26,,,,2449.98
2012-10-29,,,,2438.02
2012-10-30,,,,2412.64
2012-10-31,,,,2434.98
2012-11-01,,,,2452.73
2012-11-02,,,,2461.84
2012-11-05,,,,2457.88
2012-11-06,,,,2473.12
2012-11-07,,,,2493.73
2012-11-08,,,,2496.75
2012-11-09,,,,2474.86
2012-11-12,,,,2500.84
2012-11-13,,,,2519.43
2012-11-15,,,,2523.31
2012-11-16,,,,2497.27
2012-11-19,,,,2474.03
2012-11-20,,,,2455.36
2012-11-21,,,,2463.3
2012-11-22,,,,2474.44
2012-11-23,,,,2481.08
2012-11-26,,,,2511.12
2012-11-27,,,,2541.51
2012-11-29,,,,2564.78
2012-11-30,,,,2590.29
2012-12-03,,,,2622.36
2012-12-04,,,,2626.83
2012-12-05,,,,2639.24
2012-12-06,,,,2656.04
2012-12-07,,,,2656.3
2012-12-10,,,,2673.16
2012-12-11,,,,2647.85
2012-12-12,,,,2649.4
2012-12-13,,,,2616.14
2012-12-14,,,,2630.75
2012-12-17,,,,2643.71
2012-12-18,,,,2662.15
2012-12-19,,,,2677.61
2012-12-20,,,,2670.97
2012-12-21,,,,2629.72
2012-12-24,,,,2639.84
2012-12-26,,,,2657.33
2012-12-27,,,,2643.96
2012-12-28,,,,2659.37
2012-12-31,,,,2670.98
2013-01-01,,,,2704.25
2013-01-02,,,,2721.76
2013-01-03,,,,2740.31
2013-01-04,,,,2752.46
2013-01-07,,,,2756.93
2013-01-08,,,,2754.56
2013-01-09,,,,2744.52
2013-01-10,,,,2733.74
2013-01-11,,,,2694.21
2013-01-14,,,,2720.96
2013-01-15,,,,2725.2
2013-01-16,,,,2689.25
2013-01-17,,,,2690.44
2013-01-18,,,,2686.81
2013-01-21,,,,2686.39
2013-01-22,,,,2660.68
2013-01-23,,,,2635.73
2013-01-24,,,,2572.78
2013-01-25,,,,2613.01
2013-01-28,,,,2616.19
2013-01-29,,,,2598.76
2013-01-30,,,,2597.16
2013-01-31,,,,2607.38
2013-02-01,,,,2607.75
2013-02-04,,,,2584.03
2013-02-05,,,,2567.16
2013-02-06,,,,2569.78
2013-02-07,,,,2546.02
2013-02-08,,,,2525.85
2013-02-11,,,,2524.23
2013-02-12,,,,2516.78
2013-02-13,,,,2505.97
2013-02-14,,,,2470.77
2013-02-15,,,,2469.69
2013-02-18,,,,2481.28
2013-02-19,,,,2509.88
2013-02-20,,,,2512.25
2013-02-21,,,,2473.29
2013-02-22,,,,2474.55
2013-02-25,,,,2450.81
2013-02-26,,,,2404.95
2013-02-27,,,,2418.18
2013-02-28,,,,2365.52
2013-03-01,,,,2372.45
2013-03-04,,,,2335.48
2013-03-05,,,,2374.15
2013-03-06,,,,2402.3
2013-03-07,,,,2414.89
2013-03-08,,,,2435.77
2013-03-11,,,,2445.04
2013-03-12,,,,2432.05
2013-03-13,,,,2406.01
2013-03-14,,,,2413.05
2013-03-15,,,,2395.42
2013-03-18,,,,2388.43
2013-03-19,,,,2352.27
2013-03-20,,,,2305.5
2013-03-21,,,,2281.47
2013-03-22,,,,2270.8
2013-03-25,,,,2265.33
2013-03-26,,,,2264.54
2013-03-28,,,,2297.1
2013-04-01,,,,2330.26
2013-04-02,,,,2368.19
2013-04-03,,,,2351.77
2013-04-04,,,,2303.78
2013-04-05,,,,2301.27
2013-04-08,,,,2299.26
2013-04-09,,,,2277.11
2013-04-10,,,,2287.2
2013-04-11,,,,2292.67
2013-04-12,,,,2288.43
2013-04-15,,,,2294.38
2013-04-16,,,,2314.47
2013-04-17,,,,2317.01
2013-04-18,,,,2335.47
2013-04-22,,,,2365.23
2013-04-23,,,,2362.5
2013-04-25,,,,2369.23
2013-04-26,,,,2353.68
2013-04-29,,,,2367.82
2013-04-30,,,,2373.12
2013-05-02,,,,2390.58
2013-05-03,,,,2380.3
2013-05-06,,,,2407.85
2013-05-07,,,,2428.22
2013-05-08,,,,2442.74
2013-05-09,,,,2430.79
2013-05-10,,,,2438.21
2013-05-11,,,,2443.72
2013-05-13,,,,2406.84
2013-05-14,,,,2409.43
2013-05-15,,,,2448.92
2013-05-16,,,,2456.64
2013-05-17,,,,2464.11
2013-05-20,,,,2455.11
2013-05-21,,,,2438.73
2013-05-22,,,,2415.93
2013-05-23,,,,2366.71
2013-05-24,,,,2374.34
2013-05-27,,,,2400.6
2013-05-28,,,,2414.1
2013-05-29,,,,2403.62
2013-05-30,,,,2398.49
2013-05-31,,,,2364.51
2013-06-03,,,,2366.84
2013-06-04,,,,2371.35
2013-06-05,,,,2374.65
2013-06-06,,,,2377.49
2013-06-07,,,,2367.95
2013-06-10,,,,2344.53
2013-06-11,,,,2302.23
2013-06-12,,,,2289.64
2013-06-13,,,,2254.89
2013-06-14,,,,2282.18
2013-06-17,,,,2288.2
2013-06-18,,,,2292.31
2013-06-19,,,,2304.62
2013-06-20,,,,2257.97
2013-06-21,,,,2228.45
2013-06-24,,,,2174.45
2013-06-25,,,,2163.91
2013-06-26,,,,2151.13
2013-06-27,,,,2159.9
2013-06-28,,,,2208.08
2013-07-01,,,,2247.63
2013-07-02,,,,2241.43
2013-07-03,,,,2199.62
2013-07-04,,,,2212.85
2013-07-05,,,,2218.26
2013-07-08,,,,2212.87
2013-07-09,,,,2230.12
2013-07-10,,,,2225.71
2013-07-11,,,,2242.86
2013-07-12,,,,2243.18
2013-07-15,,,,2262.24
2013-07-16,,,,2233.11
2013-07-17,,,,2220.8
2013-07-18,,,,2237.12
2013-07-19,,,,2225.07
2013-07-22,,,,2224.33
2013-07-23,,,,2227.0
2013-07-24,,,,2190.37
2013-07-25,,,,2168.49
2013-07-26,,,,2151.18
2013-07-29,,,,2123.88
2013-07-30,,,,2078.72
2013-07-31,,,,2061.14
2013-08-01,,,,2033.71
2013-08-02,,,,2019.37
2013-08-05,,,,2026.78
2013-08-06,,,,1976.98
2013-08-07,,,,1995.38
2013-08-08,,,,2021.5
2013-08-12,,,,2053.35
2013-08-13,,,,2080.59
2013-08-14,,,,2090.31
2013-08-16,,,,2036.15
2013-08-19,,,,2007.29
2013-08-20,,,,2000.78
2013-08-21,,,,1980.18
2013-08-22,,,,1992.54
2013-08-23,,,,2017.51
2013-08-26,,,,2029.27
2013-08-27,,,,1984.26
2013-08-28,,,,1962.85
2013-08-29,,,,1986.36
2013-08-30,,,,1991.12
2013-09-02,,,,2016.22
2013-09-03,,,,1982.38
2013-09-04,,,,1999.64
2013-09-05,,,,2033.89
2013-09-06,,,,2046.42
2013-09-10,,,,2073.83
2013-09-11,,,,2101.56
2013-09-12,,,,2096.52
2013-09-13,,,,2106.55
2013-09-16,,,,2093.9
2013-09-17,,,,2089.08
2013-09-18,,,,2096.58
2013-09-19,,,,2135.56
2013-09-20,,,,2111.14
2013-09-23,,,,2094.77
2013-09-24,,,,2097.67
2013-09-25,,,,2101.91
2013-09-26,,,,2106.67
2013-09-27,,,,2107.06
2013-09-30,,,,2098.52
2013-10-01,,,,2108.68
2013-10-03,,,,2135.52
2013-10-04,,,,2143.17
2013-10-07,,,,2154.1
2013-10-08,,,,2161.65
2013-10-09,,,,2182.53
2013-10-10,,,,2197.6
2013-10-11,,,,2206.08
2013-10-14,,,,2222.16
2013-10-15,,,,2194.78
2013-10-17,,,,2195.94
2013-10-18,,,,2217.02
2013-10-21,,,,2240.41
2013-10-22,,,,2260.14
2013-10-23,,,,2252.59
2013-10-24,,,,2254.83
2013-10-25,,,,2241.99
2013-10-28,,,,2226.48
2013-10-29,,,,2253.1
2013-10-30,,,,2262.62
2013-10-31,,,,2288.54
2013-11-01,,,,2317.34
2013-11-03,,,,2344.41
2013-11-05,,,,2363.45
2013-11-06,,,,2364.67
2013-11-07,,,,2338.38
2013-11-08,,,,2334.17
2013-11-11,,,,2310.43
2013-11-12,,,,2290.38
2013-11-13,,,,2277.71
2013-11-14,,,,2304.49
2013-11-18,,,,2329.77
2013-11-19,,,,2337.99
2013-11-20,,,,2337.16
2013-11-21,,,,2309.32
2013-11-22,,,,2312.41
2013-11-25,,,,2338.12
2013-11-26,,,,2323.95
2013-11-27,,,,2328.4
2013-11-28,,,,2351.19
2013-11-29,,,,2374.93
2013-12-02,,,,2397.79
2013-12-03,,,,2404.47
2013-12-04,,,,2392.0
2013-12-05,,,,2400.19
2013-12-06,,,,2410.72
2013-12-09,,,,2423.08
2013-12-10,,,,2409.82
2013-12-11,,,,2409.19
2013-12-12,,,,2403.28
2013-12-13,,,,2374.13
2013-12-16,,,,2380.66
2013-12-17,,,,2378.21
2013-12-18,,,,2410.39
2013-12-19,,,,2404.69
2013-12-20,,,,2446.85
2013-12-23,,,,2475.57
2013-12-24,,,,2493.49
2013-12-26,,,,2511.33
2013-12-27,,,,2518.44
2013-12-30,,,,2516.17
2013-12-31,,,,2532.11
2014-01-01,,,,2555.98
2014-01-02,,,,2502.86
2014-01-03,,,,2518.66
2014-01-06,,,,2537.34
2014-01-07,,,,2531.99
2014-01-08,,,,2542.25
2014-01-09,,,,2525.68
2014-01-10,,,,2505.95
2014-01-13,,,,2508.44
2014-01-14,,,,2501.61
2014-01-15,,,,2509.22
2014-01-16,,,,2503.56
2014-01-17,,,,2465.26
2014-01-20,,,,2488.51
2014-01-21,,,,2497.97
2014-01-22,,,,2506.82
2014-01-23,,,,2496.21
2014-01-24,,,,2453.55
2014-01-27,,,,2386.94
2014-01-28,,,,2389.64
2014-01-29,,,,2388.59
2014-01-30,,,,2360.85
2014-01-31,,,,2401.35
2014-02-03,,,,2382.69
2014-02-04,,,,2391.52
2014-02-05,,,,2405.48
2014-02-06,,,,2402.78
2014-02-07,,,,2417.51
2014-02-10,,,,2415.72
2014-02-11,,,,2422.81
2014-02-12,,,,2427.52
2014-02-13,,,,2402.13
2014-02-14,,,,2402.82
2014-02-17,,,,2399.11
2014-02-18,,,,2420.97
2014-02-19,,,,2435.75
2014-02-20,,,,2432.37
2014-02-21,,,,2451.77
2014-02-24,,,,2462.35
2014-02-25,,,,2469.92
2014-02-26,,,,2474.4
2014-02-28,,,,2486.56
2014-03-03,,,,2480.99
2014-03-04,,,,2512.52
2014-03-05,,,,2531.68
2014-03-06,,,,2566.19
2014-03-07,,,,2561.3
2014-03-10,,,,2570.85
2014-03-11,,,,2569.87
2014-03-12,,,,2569.12
2014-03-13,,,,2550.47
2014-03-14,,,,2543.34
2014-03-18,,,,2570.48
2014-03-19,,,,2579.31
2014-03-20,,,,2574.01
2014-03-21,,,,2598.81
2014-03-22,,,,2610.18
2014-03-24,,,,2614.47
2014-03-25,,,,2628.61
2014-03-26,,,,2639.46
2014-03-27,,,,2657.09
2014-03-28,,,,2699.25
2014-03-31,,,,2728.15
2014-04-01,,,,2728.61
2014-04-02,,,,2773.94
2014-04-03,,,,2763.38
2014-04-04,,,,2776.5
2014-04-07,,,,2769.94
2014-04-09,,,,2823.42
2014-04-10,,,,2844.09
2014-04-11,,,,2856.35
2014-04-15,,,,2844.13
2014-04-16,,,,2808.69
2014-04-17,,,,2853.4
2014-04-21,,,,2884.15
2014-04-22,,,,2882.66
2014-04-23,,,,2888.01
2014-04-25,,,,2878.33
2014-04-28,,,,2896.65
2014-04-29,,,,2887.2
2014-04-30,,,,2848.31
2014-05-02,,,,2862.23
2014-05-05,,,,2856.21
2014-05-06,,,,2866.24
2014-05-07,,,,2862.64
2014-05-08,,,,2867.4
2014-05-09,,,,2907.39
2014-05-12,,,,2928.19
2014-05-13,,,,2980.29
2014-05-14,,,,3014.22
2014-05-15,,,,2987.48
2014-05-16,,,,3038.21
2014-05-19,,,,3198.74
2014-05-20,,,,3267.68
2014-05-21,,,,3314.13
2014-05-22,,,,3399.31
2014-05-23,,,,3464.5
2014-05-26,,,,3385.0
2014-05-27,,,,3361.11
2014-05-28,,,,3384.3
2014-05-29,,,,3372.29
2014-05-30,,,,3387.98
2014-06-02,,,,3465.74
2014-06-03,,,,3496.75
2014-06-04,,,,3566.82
2014-06-05,,,,3613.73
2014-06-06,,,,3672.63
2014-06-09,,,,3739.95
2014-06-10,,,,3731.43
2014-06-11,,,,3696.86
2014-06-12,,,,3708.34
2014-06-13,,,,3606.13
2014-06-16,,,,3618.15
2014-06-17,,,,3683.12
2014-06-18,,,,3662.41
2014-06-19,,,,3646.21
2014-06-20,,,,3622.27
2014-06-23,,,,3644.75
2014-06-24,,,,3706.85
2014-06-25,,,,3724.78
2014-06-26,,,,3711.53
2014-06-27,,,,3725.44
2014-06-30,,,,3796.56
2014-07-01,,,,3822.0
2014-07-02,,,,3861.03
2014-07-03,,,,3851.0
2014-07-04,,,,3877.48
2014-07-07,,,,3885.89
2014-07-08,,,,3732.07
2014-07-09,,,,3667.63
2014-07-10,,,,3693.12
2014-07-11,,,,3585.43
2014-07-14,,,,3575.17
2014-07-15,,,,3650.33
2014-07-16,,,,3709.9
2014-07-17,,,,3762.74
2014-07-18,,,,3753.14
2014-07-21,,,,3772.26
2014-07-22,,,,3770.28
2014-07-23,,,,3761.61
2014-07-24,,,,3758.16
2014-07-25,,,,3700.26
2014-07-28,,,,3679.98
2014-07-30,,,,3688.29
2014-07-31,,,,3695.58
2014-08-01,,,,3662.34
2014-08-04,,,,3699.04
2014-08-05,,,,3734.48
2014-08-06,,,,3713.53
2014-08-07,,,,3692.91
2014-08-08,,,,3611.41
2014-08-11,,,,3634.02
2014-08-12,,,,3656.57
2014-08-13,,,,3589.26
2014-08-14,,,,3630.31
2014-08-18,,,,3705.55
2014-08-19,,,,3748.6
2014-08-20,,,,3755.88
2014-08-21,,,,3768.44
2014-08-22,,,,3773.14
2014-08-25,,,,3748.18
2014-08-26,,,,3736.03
2014-08-27,,,,3762.52
2014-08-28,,,,3755.76
2014-09-01,,,,3816.79
2014-09-02,,,,3851.04
2014-09-03,,,,3884.47
2014-09-04,,,,3878.93
2014-09-05,,,,3899.16
2014-09-08,,,,3955.64
2014-09-09,,,,3975.7
2014-09-10,,,,3986.58
2014-09-11,,,,4037.63
2014-09-12,,,,4052.26
2014-09-15,,,,4066.33
2014-09-16,,,,3915.83
2014-09-17,,,,3926.03
2014-09-18,,,,4007.59
2014-09-19,,,,4027.58
2014-09-22,,,,4034.22
2014-09-23,,,,3951.88
2014-09-24,,,,3894.43
2014-09-25,,,,3787.98
2014-09-26,,,,3815.28
2014-09-29,,,,3866.98
2014-09-30,,,,3876.37
2014-10-01,,,,3864.22
2014-10-07,,,,3826.19
2014-10-08,,,,3819.25
2014-10-09,,,,3887.7
2014-10-10,,,,3834.11
2014-10-13,,,,3856.31
2014-10-14,,,,3853.63
2014-10-16,,,,3749.62
2014-10-17,,,,3757.4
2014-10-20,,,,3792.89
2014-10-21,,,,3818.98
2014-10-22,,,,3862.4
2014-10-23,,,,3903.14
2014-10-27,,,,3877.61
2014-10-28,,,,3889.2
2014-10-29,,,,3914.88
2014-10-30,,,,3939.53
2014-10-31,,,,3990.54
2014-11-03,,,,4033.13
2014-11-05,,,,4045.54
2014-11-07,,,,4049.28
2014-11-10,,,,4053.41
2014-11-11,,,,4082.17
2014-11-12,,,,4099.18
2014-11-13,,,,4081.15
2014-11-14,,,,4106.38
2014-11-17,,,,4150.26
2014-11-18,,,,4166.98
2014-11-19,,,,4132.7
2014-11-20,,,,4122.63
2014-11-21,,,,4114.24
2014-11-24,,,,4115.63
2014-11-25,,,,4045.9
2014-11-26,,,,4073.56
2014-11-27,,,,4095.14
2014-11-28,,,,4130.54
2014-12-01,,,,4115.7
2014-12-02,,,,4150.72
2014-12-03,,,,4216.64
2014-12-04,,,,4236.12
2014-12-05,,,,4228.14
2014-12-08,,,,4185.04
2014-12-09,,,,4117.1
2014-12-10,,,,4160.3
2014-12-11,,,,4131.2
2014-12-12,,,,4077.66
2014-12-15,,,,4057.52
2014-12-16,,,,3933.57
2014-12-17,,,,3905.45
2014-12-18,,,,4017.5
2014-12-19,,,,4037.22
2014-12-22,,,,4075.34
2014-12-23,,,,4063.06
2014-12-24,,,,4067.24
2014-12-26,,,,4079.37
2014-12-29,,,,4112.91
2014-12-30,,,,4136.12
2014-12-31,,,,4188.68
2015-01-01,,,,4221.8
2015-01-02,,,,4253.72
2015-01-05,,,,4264.67
2015-01-06,,,,4141.16
2015-01-07,,,,4151.35
2015-01-08,,,,4228.61
2015-01-09,,,,4229.31
2015-01-12,,,,4258.25
2015-01-13,,,,4262.32
2015-01-14,,,,4251.34
2015-01-15,,,,4304.28
2015-01-16,,,,4321.83
2015-01-19,,,,4343.18
2015-01-20,,,,4363.06
2015-01-21,,,,4355.01
2015-01-22,,,,4365.2
2015-01-23,,,,4356.23
2015-01-27,,,,4387.71
2015-01-28,,,,4395.7
2015-01-29,,,,4387.17
2015-01-30,,,,4374.42
2015-02-02,,,,4410.53
2015-02-03,,,,4403.91
2015-02-04,,,,4387.1
2015-02-05,,,,4335.58
2015-02-06,,,,4283.07
2015-02-09,,,,4225.76
2015-02-10,,,,4239.64
2015-02-11,,,,4310.58
2015-02-12,,,,4368.85
2015-02-13,,,,4398.77
2015-02-16,,,,4396.01
2015-02-18,,,,4439.12
2015-02-19,,,,4446.04
2015-02-20,,,,4449.77
2015-02-23,,,,4412.17
2015-02-24,,,,4399.85
2015-02-25,,,,4386.62
2015-02-26,,,,4353.37
2015-02-27,,,,4431.73
2015-02-28,,,,4419.28
2015-03-02,,,,4480.88
2015-03-03,,,,4540.56
2015-03-04,,,,4487.08
2015-03-05,,,,4520.38
2015-03-09,,,,4460.39
2015-03-10,,,,4449.79
2015-03-11,,,,4436.24
2015-03-12,,,,4495.28
2015-03-13,,,,4436.17
2015-03-16,,,,4412.09
2015-03-17,,,,4440.76
2015-03-18,,,,4452.62
2015-03-19,,,,4422.0
2015-03-20,,,,4347.23
2015-03-23,,,,4308.21
2015-03-24,,,,4293.43
2015-03-25,,,,4271.19
2015-03-26,,,,4233.07
2015-03-27,,,,4237.37
2015-03-30,,,,4333.19
2015-03-31,,,,4360.24
2015-04-01,,,,4435.19
2015-04-06,,,,4488.44
2015-04-07,,,,4524.66
2015-04-08,,,,4569.89
2015-04-09,,,,4584.28
2015-04-10,,,,4605.43
2015-04-13,,,,4619.62
2015-04-15,,,,4593.15
2015-04-16,,,,4549.3
2015-04-17,,,,4489.76
2015-04-20,,,,4389.92
2015-04-21,,,,4381.5
2015-04-22,,,,4380.62
2015-04-23,,,,4374.72
2015-04-24,,,,4263.24
2015-04-27,,,,4143.01
2015-04-28,,,,4212.69
2015-04-29,,,,4249.43
2015-04-30,,,,4246.91
2015-05-04,,,,4327.89
2015-05-05,,,,4330.43
2015-05-06,,,,4192.45
2015-05-07,,,,4121.92
2015-05-08,,,,4195.99
2015-05-11,,,,4249.74
2015-05-12,,,,4167.56
2015-05-13,,,,4208.01
2015-05-14,,,,4249.87
2015-05-15,,,,4268.91
2015-05-18,,,,4307.29
2015-05-19,,,,4320.98
2015-05-20,,,,4325.85
2015-05-21,,,,4322.34
2015-05-22,,,,4331.13
2015-05-25,,,,4323.24
2015-05-26,,,,4315.33
2015-05-27,,,,4316.68
2015-05-28,,,,4309.59
2015-05-29,,,,4366.79
2015-06-01,,,,4368.37
2015-06-02,,,,4273.89
2015-06-03,,,,4182.03
2015-06-04,,,,4185.35
2015-06-05,,,,4193.04
2015-06-08,,,,4130.0
2015-06-09,,,,4112.59
2015-06-10,,,,4153.17
2015-06-11,,,,4090.34
2015-06-12,,,,4082.64
2015-06-15,,,,4095.22
2015-06-16,,,,4109.14
2015-06-17,,,,4160.97
2015-06-18,,,,4210.95
2015-06-19,,,,4219.29
2015-06-22,,,,4286.32
2015-06-23,,,,4305.09
2015-06-24,,,,4275.95
2015-06-25,,,,4292.01
2015-06-26,,,,4300.15
2015-06-29,,,,4232.62
2015-06-30,,,,4281.53
2015-07-01,,,,4343.53
2015-07-02,,,,4373.56
2015-07-03,,,,4371.93
2015-07-06,,,,4424.19
2015-07-07,,,,4455.16
2015-07-08,,,,4388.0
2015-07-09,,,,4379.68
2015-07-10,,,,4394.8
2015-07-13,,,,4444.6
2015-07-14,,,,4467.98
2015-07-15,,,,4485.03
2015-07-16,,,,4521.0
2015-07-17,,,,4540.96
2015-07-20,,,,4561.15
2015-07-21,,,,4485.25
2015-07-22,,,,4533.28
2015-07-23,,,,4554.27
2015-07-24,,,,4527.81
2015-07-27,,,,4474.13
2015-07-28,,,,4462.81
2015-07-29,,,,4502.8
2015-07-30,,,,4547.0
2015-07-31,,,,4590.43
2015-08-03,,,,4629.98
2015-08-04,,,,4669.23
2015-08-05,,,,4704.82
2015-08-06,,,,4702.57
2015-08-07,,,,4695.64
2015-08-10,,,,4682.63
2015-08-11,,,,4631.02
2015-08-12,,,,4519.95
2015-08-13,,,,4480.52
2015-08-14,,,,4564.3
2015-08-17,,,,4581.96
2015-08-18,,,,4621.84
2015-08-19,,,,4630.7
2015-08-20,,,,4537.82
2015-08-21,,,,4504.96
2015-08-24,,,,4104.14
2015-08-25,,,,4157.97
2015-08-26,,,,4172.0
2015-08-27,,,,4280.36
2015-08-28,,,,4289.24
2015-08-31,,,,4284.09
2015-09-01,,,,4192.31
2015-09-02,,,,4187.2
2015-09-03,,,,4242.57
2015-09-04,,,,4141.58
2015-09-07,,,,4070.71
2015-09-08,,,,4096.85
2015-09-09,,,,4176.37
2015-09-10,,,,4161.19
2015-09-11,,,,4184.03
2015-09-14,,,,4220.93
2015-09-15,,,,4196.25
2015-09-16,,,,4173.32
2015-09-18,,,,4214.13
2015-09-21,,,,4254.68
2015-09-22,,,,4207.34
2015-09-23,,,,4238.52
2015-09-24,,,,4263.17
2015-09-28,,,,4258.14
2015-09-29,,,,4253.16
2015-09-30,,,,4308.94
2015-10-01,,,,4310.03
2015-10-05,,,,4380.28
2015-10-06,,,,4408.73
2015-10-07,,,,4423.31
2015-10-08,,,,4409.56
2015-10-09,,,,4415.99
2015-10-12,,,,4422.59
2015-10-13,,,,4442.42
2015-10-14,,,,4449.91
2015-10-15,,,,4467.16
2015-10-16,,,,4474.18
2015-10-19,,,,4505.27
2015-10-20,,,,4519.51
2015-10-21,,,,4508.15
2015-10-23,,,,4495.55
2015-10-26,,,,4468.01
2015-10-27,,,,4472.78
2015-10-28,,,,4459.19
2015-10-29,,,,4442.27
2015-10-30,,,,4412.69
2015-11-02,,,,4404.58
2015-11-03,,,,4417.63
2015-11-04,,,,4406.6
2015-11-05,,,,4335.66
2015-11-06,,,,4305.69
2015-11-09,,,,4341.07
2015-11-10,,,,4297.64
2015-11-11,,,,4355.24
2015-11-13,,,,4324.25
2015-11-16,,,,4352.78
2015-11-17,,,,4375.79
2015-11-18,,,,4345.14
2015-11-19,,,,4395.87
2015-11-20,,,,4421.68
2015-11-23,,,,4435.72
2015-11-24,,,,4449.27
2015-11-26,,,,4468.27
2015-11-27,,,,4488.74
2015-11-30,,,,4512.26
2015-12-01,,,,4528.47
2015-12-02,,,,4528.92
2015-12-03,,,,4508.42
2015-12-04,,,,4469.91
2015-12-07,,,,4473.67
2015-12-08,,,,4412.44
2015-12-09,,,,4324.3
2015-12-10,,,,4366.73
2015-12-11,,,,4334.28
2015-12-14,,,,4348.31
2015-12-15,,,,4380.55
2015-12-16,,,,4388.2
2015-12-17,,,,4463.48
2015-12-18,,,,4454.6
2015-12-21,,,,4490.47
2015-12-22,,,,4483.05
2015-12-23,,,,4507.47
2015-12-24,,,,4532.22
2015-12-28,,,,4548.85
2015-12-29,,,,4546.3
2015-12-30,,,,4553.39
2015-12-31,,,,4581.31
2016-01-01,,,,4624.17
2016-01-04,,,,4572.15
2016-01-05,,,,4602.9
2016-01-06,,,,4586.56
2016-01-07,,,,4457.08
2016-01-08,,,,4512.68
2016-01-11,,,,4484.76
2016-01-12,,,,4439.05
2016-01-13,,,,4367.33
2016-01-14,,,,4306.77
2016-01-15,,,,4165.79
2016-01-18,,,,4007.68
2016-01-19,,,,4073.35
2016-01-20,,,,3988.46
2016-01-21,,,,4005.71
2016-01-22,,,,4096.43
2016-01-25,,,,4130.3
2016-01-27,,,,4147.1
2016-01-28,,,,4143.05
2016-01-29,,,,4193.91
2016-02-01,,,,4205.83
2016-02-02,,,,4151.89
2016-02-03,,,,4056.54
2016-02-04,,,,4027.83
2016-02-05,,,,4087.46
2016-02-08,,,,4084.11
2016-02-09,,,,4030.33
2016-02-10,,,,3971.56
2016-02-11,,,,3790.26
2016-02-12,,,,3745.83
2016-02-15,,,,3877.3
2016-02-16,,,,3791.78
2016-02-17,,,,3799.77
2016-02-18,,,,3818.73
2016-02-19,,,,3822.32
2016-02-22,,,,3837.65
2016-02-23,,,,3792.03
2016-02-24,,,,3756.68
2016-02-25,,,,3719.91
2016-02-26,,,,3707.5
2016-02-29,,,,3707.22
2016-03-01,,,,3826.81
2016-03-02,,,,3906.93
2016-03-03,,,,3959.07
2016-03-04,,,,3987.28
2016-03-08,,,,3999.67
2016-03-09,,,,4013.81
2016-03-10,,,,4007.34
2016-03-11,,,,4004.02
2016-03-14,,,,4023.84
2016-03-15,,,,3999.02
2016-03-16,,,,3989.76
2016-03-17,,,,4003.88
2016-03-18,,,,4030.53
2016-03-21,,,,4083.2
2016-03-22,,,,4096.92
2016-03-23,,,,4102.85
2016-03-28,,,,4041.44
2016-03-29,,,,4039.17
2016-03-30,,,,4113.74
2016-03-31,,,,4139.91
2016-04-01,,,,4170.57
2016-04-04,,,,4194.29
2016-04-05,,,,4124.78
2016-04-06,,,,4159.67
2016-04-07,,,,4141.73
2016-04-08,,,,4170.89
2016-04-11,,,,4204.38
2016-04-12,,,,4247.27
2016-04-13,,,,4296.38
2016-04-18,,,,4346.97
2016-04-20,,,,4372.68
2016-04-21,,,,4348.93
2016-04-22,,,,4348.08
2016-04-25,,,,4333.21
2016-04-26,,,,4361.45
2016-04-27,,,,4371.09
2016-04-28,,,,4320.62
2016-04-29,,,,4321.62
2016-05-02,,,,4333.91
2016-05-03,,,,4322.43
2016-05-04,,,,4274.23
2016-05-05,,,,4269.64
2016-05-06,,,,4274.09
2016-05-09,,,,4328.64
2016-05-10,,,,4333.11
2016-05-11,,,,4325.65
2016-05-12,,,,4361.54
2016-05-13,,,,4355.51
2016-05-16,,,,4354.22
2016-05-17,,,,4367.4
2016-05-18,,,,4381.93
2016-05-19,,,,4330.53
2016-05-20,,,,4294.98
2016-05-23,,,,4274.79
2016-05-24,,,,4253.43
2016-05-25,,,,4293.57
2016-05-26,,,,4331.69
2016-05-27,,,,4362.47
2016-05-30,,,,4386.37
2016-05-31,,,,4379.03
2016-06-01,,,,4382.43
2016-06-02,,,,4399.48
2016-06-03,,,,4380.57
2016-06-06,,,,4393.4
2016-06-07,,,,4430.47
2016-06-08,,,,4467.66
2016-06-09,,,,4465.27
2016-06-10,,,,4460.94
2016-06-13,,,,4441.91
2016-06-14,,,,4469.56
2016-06-15,,,,4503.36
2016-06-16,,,,4482.73
2016-06-17,,,,4505.37
2016-06-20,,,,4520.05
2016-06-21,,,,4534.07
2016-06-22,,,,4511.71
2016-06-23,,,,4509.12
2016-06-24,,,,4440.19
2016-06-27,,,,4507.37
2016-06-28,,,,4535.97
2016-06-29,,,,4598.81
2016-06-30,,,,4646.81
2016-07-01,,,,4684.63
2016-07-04,,,,4731.44
2016-07-05,,,,4734.34
2016-07-07,,,,4733.23
2016-07-08,,,,4715.96
2016-07-11,,,,4761.72
2016-07-12,,,,4771.08
2016-07-13,,,,4731.77
2016-07-14,,,,4762.94
2016-07-15,,,,4728.08
2016-07-18,,,,4704.86
2016-07-19,,,,4708.17
2016-07-20,,,,4757.25
2016-07-21,,,,4747.19
2016-07-22,,,,4780.56
2016-07-25,,,,4826.77
2016-07-26,,,,4797.32
2016-07-27,,,,4822.51
2016-07-28,,,,4851.29
2016-07-29,,,,4866.06
2016-08-01,,,,4873.43
2016-08-02,,,,4836.41
2016-08-03,,,,4780.65
2016-08-04,,,,4800.28
2016-08-05,,,,4874.34
2016-08-08,,,,4903.64
2016-08-09,,,,4886.72
2016-08-10,,,,4829.31
2016-08-11,,,,4827.94
2016-08-12,,,,4834.84
2016-08-16,,,,4846.0
2016-08-17,,,,4879.73
2016-08-18,,,,4932.68
2016-08-19,,,,4963.16
2016-08-22,,,,4945.42
2016-08-23,,,,4945.94
2016-08-24,,,,4974.11
2016-08-25,,,,4960.32
2016-08-26,,,,4956.59
2016-08-29,,,,4972.64
2016-08-30,,,,5023.08
2016-08-31,,,,5033.72
2016-09-01,,,,5004.21
2016-09-02,,,,5028.69
2016-09-06,,,,5086.93
2016-09-07,,,,5105.65
2016-09-08,,,,5150.33
2016-09-09,,,,5121.45
2016-09-12,,,,4981.76
2016-09-14,,,,5048.92
2016-09-15,,,,5060.26
2016-09-16,,,,5063.38
2016-09-19,,,,5089.91
2016-09-20,,,,5076.15
2016-09-21,,,,5081.45
2016-09-22,,,,5138.59
2016-09-23,,,,5139.9
2016-09-26,,,,5108.49
2016-09-27,,,,5109.54
2016-09-28,,,,5166.09
2016-09-29,,,,4963.2
2016-09-30,,,,5063.01
2016-10-03,,,,5197.88
2016-10-04,,,,5234.07
2016-10-05,,,,5271.37
2016-10-06,,,,5243.23
2016-10-07,,,,5243.04
2016-10-10,,,,5247.32
2016-10-13,,,,5170.75
2016-10-14,,,,5209.8
2016-10-17,,,,5169.53
2016-10-18,,,,5236.79
2016-10-19,,,,5251.17
2016-10-20,,,,5278.25
2016-10-21,,,,5293.76
2016-10-24,,,,5309.98
2016-10-25,,,,5306.73
2016-10-26,,,,5268.86
2016-10-27,,,,5224.82
2016-10-28,,,,5272.47
2016-10-30,,,,5311.21
2016-11-01,,,,5305.61
2016-11-02,,,,5207.79
2016-11-03,,,,5149.34
2016-11-04,,,,5047.84
2016-11-07,,,,5100.89
2016-11-08,,,,5114.89
2016-11-09,,,,4986.86
2016-11-10,,,,5074.61
2016-11-11,,,,4896.46
2016-11-15,,,,4678.2
2016-11-16,,,,4689.12
2016-11-17,,,,4664.95
2016-11-18,,,,4681.35
2016-11-21,,,,4534.61
2016-11-22,,,,4589.93
2016-11-23,,,,4654.25
2016-11-24,,,,4639.87
2016-11-25,,,,4721.1
2016-11-28,,,,4751.17
2016-11-29,,,,4785.88
2016-11-30,,,,4846.97
2016-12-01,,,,4807.96
2016-12-02,,,,4742.43
2016-12-05,,,,4753.9
2016-12-06,,,,4777.49
2016-12-07,,,,4754.75
2016-12-08,,,,4816.44
2016-12-09,,,,4839.69
2016-12-12,,,,4792.87
2016-12-13,,,,4788.22
2016-12-14,,,,4753.34
2016-12-15,,,,4763.59
2016-12-16,,,,4752.7
2016-12-19,,,,4728.07
2016-12-20,,,,4678.4
2016-12-21,,,,4681.83
2016-12-22,,,,4622.86
2016-12-23,,,,4618.21
2016-12-26,,,,4516.11
2016-12-27,,,,4583.04
2016-12-28,,,,4616.88
2016-12-29,,,,4674.66
2016-12-30,,,,4713.44
2017-01-02,,,,4770.26
2017-01-03,,,,4814.27
2017-01-04,,,,4830.79
2017-01-05,,,,4876.89
2017-01-06,,,,4860.3
2017-01-09,,,,4882.82
2017-01-10,,,,4912.1
2017-01-11,,,,4968.22
2017-01-12,,,,4962.18
2017-01-13,,,,4961.88
2017-01-16,,,,4987.32
2017-01-17,,,,5001.94
2017-01-18,,,,5030.75
2017-01-19,,,,5046.96
2017-01-20,,,,4973.18
2017-01-23,,,,4999.39
2017-01-24,,,,5042.21
2017-01-25,,,,5097.85
2017-01-27,,,,5132.69
2017-01-30,,,,5121.21
2017-01-31,,,,5065.94
2017-02-01,,,,5160.55
2017-02-02,,,,5210.33
2017-02-03,,,,5273.73
2017-02-06,,,,5319.68
2017-02-07,,,,5310.83
2017-02-08,,,,5332.41
2017-02-09,,,,5342.86
2017-02-10,,,,5346.29
2017-02-13,,,,5306.09
2017-02-14,,,,5283.88
2017-02-15,,,,5204.94
2017-02-16,,,,5270.95
2017-02-17,,,,5296.1
2017-02-20,,,,5345.85
2017-02-21,,,,5373.68
2017-02-22,,,,5345.6
2017-02-23,,,,5358.04
2017-02-27,,,,5365.38
2017-02-28,,,,5399.75
2017-03-01,,,,5425.19
2017-03-02,,,,5353.88
2017-03-03,,,,5374.46
2017-03-06,,,,5396.01
2017-03-07,,,,5398.96
2017-03-08,,,,5372.66
2017-03-09,,,,5369.36
2017-03-10,,,,5363.83
2017-03-14,,,,5436.19
2017-03-15,,,,5483.25
2017-03-16,,,,5547.57
2017-03-17,,,,5548.24
2017-03-20,,,,5561.08
2017-03-21,,,,5558.58
2017-03-22,,,,5501.93
2017-03-23,,,,5547.88
2017-03-24,,,,5572.48
2017-03-27,,,,5571.61
2017-03-28,,,,5594.8
2017-03-29,,,,5622.07
2017-03-30,,,,5657.63
2017-03-31,,,,5705.48
2017-04-03,,,,5767.67
2017-04-05,,,,5825.01
2017-04-06,,,,5808.8
2017-04-07,,,,5772.7
2017-04-10,,,,5806.32
2017-04-11,,,,5867.56
2017-04-12,,,,5833.9
2017-04-13,,,,5832.11
2017-04-17,,,,5857.16
2017-04-18,,,,5821.16
2017-04-19,,,,5866.63
2017-04-20,,,,5937.62
2017-04-21,,,,5951.68
2017-04-24,,,,6001.04
2017-04-25,,,,6041.12
2017-04-26,,,,6001.07
2017-04-27,,,,6007.07
2017-04-28,,,,6048.72
2017-05-02,,,,6068.89
2017-05-03,,,,6067.6
2017-05-04,,,,6091.84
2017-05-05,,,,6037.5
2017-05-08,,,,6081.09
2017-05-09,,,,6106.88
2017-05-10,,,,6149.09
2017-05-11,,,,6148.18
2017-05-12,,,,6101.1
2017-05-15,,,,6157.75
2017-05-16,,,,6193.31
2017-05-17,,,,6177.91
2017-05-18,,,,6046.35
2017-05-19,,,,5997.99
2017-05-22,,,,5926.29
2017-05-23,,,,5813.52
2017-05-24,,,,5730.88
2017-05-25,,,,5842.09
2017-05-26,,,,5934.94
2017-05-29,,,,5838.69
2017-05-30,,,,5871.83
2017-05-31,,,,5938.5
2017-06-01,,,,5993.8
2017-06-02,,,,6032.56
2017-06-05,,,,6062.13
2017-06-06,,,,6027.43
2017-06-07,,,,6067.72
2017-06-08,,,,6081.87
2017-06-09,,,,6109.06
2017-06-12,,,,6069.72
2017-06-13,,,,6084.52
2017-06-14,,,,6113.89
2017-06-15,,,,6129.81
2017-06-16,,,,6143.26
2017-06-19,,,,6136.51
2017-06-20,,,,6142.78
2017-06-21,,,,6145.87
2017-06-22,,,,6109.6
2017-06-23,,,,6027.24
2017-06-27,,,,5936.62
2017-06-28,,,,5947.26
2017-06-29,,,,5995.92
2017-06-30,,,,6034.91
2017-07-03,,,,6096.22
2017-07-04,,,,6086.7
2017-07-05,,,,6151.29
2017-07-06,,,,6168.04
2017-07-07,,,,6179.37
2017-07-10,,,,6203.54
2017-07-11,,,,6156.3
2017-07-12,,,,6203.58
2017-07-13,,,,6230.12
2017-07-14,,,,6216.64
2017-07-17,,,,6218.28
2017-07-18,,,,6178.27
2017-07-19,,,,6235.64
2017-07-20,,,,6234.55
2017-07-21,,,,6241.06
2017-07-24,,,,6249.04
2017-07-25,,,,6264.72
2017-07-26,,,,6281.79
2017-07-27,,,,6255.53
2017-07-28,,,,6278.49
2017-07-31,,,,6286.25
2017-08-01,,,,6283.04
2017-08-02,,,,6277.45
2017-08-03,,,,6208.54
2017-08-04,,,,6216.8
2017-08-07,,,,6285.94
2017-08-08,,,,6210.05
2017-08-09,,,,6108.84
2017-08-10,,,,5901.06
2017-08-11,,,,5885.66
2017-08-14,,,,6029.45
2017-08-16,,,,6109.87
2017-08-17,,,,6129.52
2017-08-18,,,,6100.48
2017-08-21,,,,6031.92
2017-08-22,,,,5994.08
2017-08-23,,,,6066.8
2017-08-24,,,,6097.57
2017-08-28,,,,6171.16
2017-08-29,,,,6105.85
2017-08-30,,,,6188.24
2017-08-31,,,,6232.7
2017-09-01,,,,6289.07
2017-09-04,,,,6243.06
2017-09-05,,,,6304.52
2017-09-06,,,,6322.97
2017-09-07,,,,6355.27
2017-09-08,,,,6347.18
2017-09-11,,,,6381.94
2017-09-12,,,,6444.71
2017-09-13,,,,6404.27
2017-09-14,,,,6435.75
2017-09-15,,,,6453.03
2017-09-18,,,,6507.17
2017-09-19,,,,6528.67
2017-09-20,,,,6509.24
2017-09-21,,,,6476.17
2017-09-22,,,,6292.95
2017-09-25,,,,6178.51
2017-09-26,,,,6227.88
2017-09-27,,,,6108.3
2017-09-28,,,,6153.89
2017-09-29,,,,6223.79
2017-10-03,,,,6256.7
2017-10-04,,,,6293.06
2017-10-05,,,,6335.64
2017-10-06,,,,6404.28
2017-10-09,,,,6423.42
2017-10-10,,,,6475.17
2017-10-11,,,,6410.54
2017-10-12,,,,6480.87
2017-10-13,,,,6496.63
2017-10-16,,,,6517.3
2017-10-17,,,,6554.79
2017-10-18,,,,6549.66
2017-10-19,,,,6541.44
2017-10-23,,,,6567.53
2017-10-24,,,,6603.46
2017-10-25,,,,6623.65
2017-10-26,,,,6656.12
2017-10-27,,,,6665.89
2017-10-30,,,,6747.56
2017-10-31,,,,6771.37
2017-11-01,,,,6806.04
2017-11-02,,,,6833.74
2017-11-03,,,,6856.15
2017-11-06,,,,6875.07
2017-11-07,,,,6784.6
2017-11-08,,,,6730.45
2017-11-09,,,,6788.03
2017-11-10,,,,6798.37
2017-11-13,,,,6766.49
2017-11-14,,,,6750.23
2017-11-15,,,,6659.58
2017-11-16,,,,6733.66
2017-11-17,,,,6790.28
2017-11-20,,,,6842.6
2017-11-21,,,,6861.75
2017-11-22,,,,6872.85
2017-11-23,,,,6904.09
2017-11-24,,,,6935.16
2017-11-27,,,,6980.87
2017-11-28,,,,6991.53
2017-11-29,,,,6979.36
2017-11-30,,,,6979.98
2017-12-01,,,,6900.62
2017-12-04,,,,6874.5
2017-12-05,,,,6877.44
2017-12-06,,,,6833.9
2017-12-07,,,,6919.28
2017-12-08,,,,6983.6
2017-12-11,,,,6997.02
2017-12-12,,,,6940.55
2017-12-13,,,,6885.46
2017-12-14,,,,6872.92
2017-12-15,,,,6962.69
2017-12-18,,,,6996.87
2017-12-19,,,,7103.38
2017-12-20,,,,7151.97
2017-12-21,,,,7225.04
2017-12-22,,,,7255.28
2017-12-26,,,,7297.11
2017-12-27,,,,7281.22
2017-12-28,,,,7299.1
2017-12-29,,,,7350.45
2018-01-01,,,,7364.5
2018-01-02,,,,7306.99
2018-01-03,,,,7358.64
2018-01-04,,,,7426.04
2018-01-05,,,,7498.18
2018-01-08,,,,7565.04
2018-01-09,,,,7562.96
2018-01-10,,,,7550.79
2018-01-11,,,,7585.45
2018-01-12,,,,7577.42
2018-01-15,,,,7587.44
2018-01-16,,,,7431.23
2018-01-17,,,,7476.65
2018-01-18,,,,7334.01
2018-01-19,,,,7407.85
2018-01-22,,,,7455.38
2018-01-23,,,,7496.67
2018-01-24,,,,7437.18
2018-01-25,,,,7375.64
2018-01-29,,,,7297.56
2018-01-30,,,,7214.9
2018-01-31,,,,7136.96
2018-02-01,,,,7124.14
2018-02-02,,,,6795.67
2018-02-05,,,,6776.72
2018-02-06,,,,6640.25
2018-02-07,,,,6722.65
2018-02-08,,,,6863.31
2018-02-09,,,,6877.86
2018-02-12,,,,6985.77
2018-02-14,,,,6991.92
2018-02-15,,,,6922.93
2018-02-16,,,,6846.67
2018-02-19,,,,6777.14
2018-02-20,,,,6766.96
2018-02-21,,,,6762.22
2018-02-22,,,,6727.3
2018-02-23,,,,6837.47
2018-02-26,,,,6899.75
2018-02-27,,,,6865.06
2018-02-28,,,,6865.63
2018-03-01,,,,6836.02
2018-03-05,,,,6768.89
2018-03-06,,,,6689.65
2018-03-07,,,,6562.97
2018-03-08,,,,6604.08
2018-03-09,,,,6584.59
2018-03-12,,,,6626.57
2018-03-13,,,,6697.19
2018-03-14,,,,6700.35
2018-03-15,,,,6745.41
2018-03-16,,,,6665.38
2018-03-19,,,,6539.94
2018-03-20,,,,6548.91
2018-03-21,,,,6571.24
2018-03-22,,,,6506.79
2018-03-23,,,,6409.71
2018-03-26,,,,6472.3
2018-03-27,,,,6556.58
2018-03-28,,,,6500.82
2018-04-02,,,,6615.23
2018-04-03,,,,6684.54
2018-04-04,,,,6619.43
2018-04-05,,,,6741.92
2018-04-06,,,,6776.75
2018-04-09,,,,6792.76
2018-04-10,,,,6797.87
2018-04-11,,,,6801.42
2018-04-12,,,,6781.75
2018-04-13,,,,6804.83
2018-04-16,,,,6837.49
2018-04-17,,,,6853.47
2018-04-18,,,,6836.77
2018-04-19,,,,6886.09
2018-04-20,,,,6878.95
2018-04-23,,,,6904.89
2018-04-24,,,,6896.05
2018-04-25,,,,6845.38
2018-04-26,,,,6863.01
2018-04-27,,,,6900.38
2018-04-30,,,,6964.99
2018-05-02,,,,6883.39
2018-05-03,,,,6819.42
2018-05-04,,,,6799.42
2018-05-07,,,,6843.97
2018-05-08,,,,6858.84
2018-05-09,,,,6832.11
2018-05-10,,,,6732.61
2018-05-11,,,,6735.38
2018-05-14,,,,6665.26
2018-05-15,,,,6608.0
2018-05-16,,,,6605.78
2018-05-17,,,,6641.67
2018-05-18,,,,6536.52
2018-05-21,,,,6404.14
2018-05-22,,,,6450.69
2018-05-23,,,,6425.81
2018-05-24,,,,6414.86
2018-05-25,,,,6508.03
2018-05-28,,,,6598.05
2018-05-29,,,,6585.13
2018-05-30,,,,6578.24
2018-05-31,,,,6548.9
2018-06-01,,,,6458.08
2018-06-04,,,,6344.29
2018-06-05,,,,6219.43
2018-06-06,,,,6308.41
2018-06-07,,,,6418.54
2018-06-08,,,,6460.4
2018-06-11,,,,6477.41
2018-06-12,,,,6522.12
2018-06-13,,,,6503.35
2018-06-14,,,,6501.62
2018-06-15,,,,6465.64
2018-06-18,,,,6429.79
2018-06-19,,,,6349.96
2018-06-20,,,,6367.52
2018-06-21,,,,6323.12
2018-06-22,,,,6332.91
2018-06-25,,,,6287.26
2018-06-26,,,,6254.51
2018-06-27,,,,6145.92
2018-06-28,,,,6044.96
2018-06-29,,,,6158.97
2018-07-02,,,,6117.08
2018-07-03,,,,6150.82
2018-07-04,,,,6173.32
2018-07-05,,,,6136.25
2018-07-06,,,,6166.04
2018-07-09,,,,6260.85
2018-07-10,,,,6316.59
2018-07-11,,,,6292.8
2018-07-12,,,,6282.06
2018-07-13,,,,6193.98
2018-07-16,,,,6040.23
2018-07-17,,,,6132.47
2018-07-18,,,,6073.7
2018-07-19,,,,6026.01
2018-07-20,,,,6063.25
2018-07-23,,,,6118.24
2018-07-24,,,,6231.19
2018-07-25,,,,6240.17
2018-07-26,,,,6265.27
2018-07-27,,,,6324.27
2018-07-30,,,,6343.56
2018-07-31,,,,6360.65
2018-08-01,,,,6371.41
2018-08-02,,,,6367.83
2018-08-03,,,,6444.02
2018-08-06,,,,6466.61
2018-08-07,,,,6445.99
2018-08-08,,,,6457.71
2018-08-09,,,,6485.6
2018-08-10,,,,6438.76
2018-08-13,,,,6391.2
2018-08-14,,,,6438.45
2018-08-16,,,,6423.87
2018-08-17,,,,6484.83
2018-08-20,,,,6511.36
2018-08-21,,,,6535.33
2018-08-23,,,,6525.89
2018-08-24,,,,6509.69
2018-08-27,,,,6568.67
2018-08-28,,,,6575.49
2018-08-29,,,,6596.67
2018-08-30,,,,6622.29
2018-08-31,,,,6653.01
2018-09-03,,,,6638.07
2018-09-04,,,,6493.33
2018-09-05,,,,6465.39
2018-09-06,,,,6495.17
2018-09-07,,,,6543.36
2018-09-10,,,,6456.65
2018-09-11,,,,6372.67
2018-09-12,,,,6369.82
2018-09-14,,,,6460.5
2018-09-17,,,,6445.29
2018-09-18,,,,6347.29
2018-09-19,,,,6290.71
2018-09-21,,,,6129.88
2018-09-24,,,,5973.33
2018-09-25,,,,5943.8
2018-09-26,,,,5952.78
2018-09-27,,,,5828.62
2018-09-28,,,,5662.14
2018-10-01,,,,5671.08
2018-10-03,,,,5655.31
2018-10-04,,,,5538.68
2018-10-05,,,,5407.63
2018-10-08,,,,5310.76
2018-10-09,,,,5288.48
2018-10-10,,,,5486.66
2018-10-11,,,,5381.04
2018-10-12,,,,5519.26
2018-10-15,,,,5577.7
2018-10-16,,,,5661.9
2018-10-17,,,,5538.88
2018-10-19,,,,5469.82
2018-10-22,,,,5386.93
2018-10-23,,,,5325.47
2018-10-24,,,,5375.27
2018-10-25,,,,5335.08
2018-10-26,,,,5326.39
2018-10-29,,,,5457.43
2018-10-30,,,,5509.34
2018-10-31,,,,5591.44
2018-11-01,,,,5647.82
2018-11-02,,,,5693.21
2018-11-05,,,,5670.12
2018-11-06,,,,5655.54
2018-11-07,,,,5711.11
2018-11-09,,,,5758.44
2018-11-12,,,,5708.19
2018-11-13,,,,5719.53
2018-11-14,,,,5718.66
2018-11-15,,,,5732.85
2018-11-16,,,,5722.05
2018-11-19,,,,5744.28
2018-11-20,,,,5684.09
2018-11-21,,,,5698.69
2018-11-22,,,,5665.04
2018-11-26,,,,5663.99
2018-11-27,,,,5690.18
2018-11-28,,,,5652.0
2018-11-29,,,,5667.98
2018-11-30,,,,5695.68
2018-12-03,,,,5728.5
2018-12-04,,,,5732.03
2018-12-05,,,,5658.83
2018-12-06,,,,5579.55
2018-12-07,,,,5579.59
2018-12-10,,,,5473.12
2018-12-11,,,,5551.71
2018-12-12,,,,5695.78
2018-12-13,,,,5740.24
2018-12-14,,,,5748.62
2018-12-17,,,,5769.55
2018-12-18,,,,5794.81
2018-12-19,,,,5862.23
2018-12-20,,,,5868.94
2018-12-21,,,,5799.63
2018-12-24,,,,5753.69
2018-12-26,,,,5746.12
2018-12-27,,,,5763.45
2018-12-28,,,,5817.11
2018-12-31,,,,5856.12
2019-01-01,,,,5867.62
2019-01-02,,,,5815.18
2019-01-03,,,,5779.27
2019-01-04,,,,5796.39
2019-01-07,,,,5799.38
2019-01-08,,,,5802.38
2019-01-09,,,,5796.6
2019-01-10,,,,5817.03
2019-01-11,,,,5808.16
2019-01-14,,,,5785.52
2019-01-15,,,,5827.6
2019-01-16,,,,5828.8
2019-01-17,,,,5812.04
2019-01-18,,,,5770.54
2019-01-21,,,,5728.07
2019-01-22,,,,5707.27
2019-01-23,,,,5696.45
2019-01-24,,,,5677.09
2019-01-25,,,,5599.11
2019-01-28,,,,5500.59
2019-01-29,,,,5510.25
2019-01-30,,,,5538.23
2019-01-31,,,,5568.09
2019-02-01,,,,5584.27
2019-02-04,,,,5525.09
2019-02-05,,,,5479.58
2019-02-06,,,,5489.07
2019-02-07,,,,5525.53
2019-02-08,,,,5462.62
2019-02-11,,,,5377.2
2019-02-12,,,,5364.87
2019-02-13,,,,5343.0
2019-02-14,,,,5352.41
2019-02-15,,,,5308.55
2019-02-18,,,,5257.41
2019-02-19,,,,5279.39
2019-02-20,,,,5328.51
2019-02-21,,,,5381.47
2019-02-22,,,,5415.21
2019-02-25,,,,5446.51
2019-02-26,,,,5428.14
2019-02-27,,,,5444.15
2019-02-28,,,,5481.15
2019-03-01,,,,5579.85
2019-03-05,,,,5739.46
2019-03-06,,,,5781.92
2019-03-07,,,,5772.52
2019-03-08,,,,5766.67
2019-03-11,,,,5876.97
2019-03-12,,,,5925.65
2019-03-13,,,,5901.17
2019-03-14,,,,5899.75
2019-03-15,,,,5902.72
2019-03-18,,,,5888.26
2019-03-19,,,,5917.13
2019-03-20,,,,5895.72
2019-03-22,,,,5867.95
2019-03-25,,,,5812.1
2019-03-26,,,,5863.96
2019-03-27,,,,5909.69
2019-03-28,,,,5965.07
2019-03-29,,,,6011.33
2019-04-01,,,,6048.5
2019-04-02,,,,6047.09
2019-04-03,,,,5989.28
2019-04-04,,,,5971.08
2019-04-05,,,,6018.57
2019-04-08,,,,5987.87
2019-04-09,,,,5987.06
2019-04-10,,,,5986.61
2019-04-11,,,,5990.35
2019-04-12,,,,6019.72
2019-04-15,,,,6051.54
2019-04-16,,,,6064.43
2019-04-18,,,,6002.91
2019-04-22,,,,5912.43
2019-04-23,,,,5906.79
2019-04-24,,,,5932.52
2019-04-25,,,,5921.08
2019-04-26,,,,5909.49
2019-04-30,,,,5852.4
2019-05-02,,,,5831.62
2019-05-03,,,,5825.77
2019-05-06,,,,5781.59
2019-05-07,,,,5730.52
2019-05-08,,,,5666.61
2019-05-09,,,,5651.92
2019-05-10,,,,5670.92
2019-05-13,,,,5551.34
2019-05-14,,,,5576.73
2019-05-15,,,,5543.67
2019-05-16,,,,5554.97
2019-05-17,,,,5590.73
2019-05-20,,,,5806.4
2019-05-21,,,,5760.03
2019-05-22,,,,5772.69
2019-05-23,,,,5764.62
2019-05-24,,,,5891.47
2019-05-27,,,,5988.83
2019-05-28,,,,6002.9
2019-05-29,,,,5964.92
2019-05-30,,,,5986.57
2019-05-31,,,,5966.75
2019-06-03,,,,5993.14
2019-06-04,,,,5988.8
2019-06-06,,,,5895.46
2019-06-07,,,,5888.04
2019-06-10,,,,5871.85
2019-06-11,,,,5894.61
2019-06-12,,,,5859.06
2019-06-13,,,,5835.03
2019-06-14,,,,5793.02
2019-06-17,,,,5716.92
2019-06-18,,,,5699.83
2019-06-19,,,,5634.85
2019-06-20,,,,5702.14
2019-06-21,,,,5702.54
2019-06-24,,,,5688.17
2019-06-25,,,,5718.67
2019-06-26,,,,5756.32
2019-06-27,,,,5778.48
2019-06-28,,,,5772.91
2019-07-01,,,,5793.03
2019-07-02,,,,5797.67
2019-07-03,,,,5809.95
2019-07-04,,,,5814.89
2019-07-05,,,,5733.96
2019-07-08,,,,5602.02
2019-07-09,,,,5613.36
2019-07-10,,,,5569.01
2019-07-11,,,,5598.67
2019-07-12,,,,5619.96
2019-07-15,,,,5577.62
2019-07-16,,,,5595.63
2019-07-17,,,,5588.58
2019-07-18,,,,5519.71
2019-07-19,,,,5422.04
2019-07-22,,,,5366.16
2019-07-23,,,,5370.67
2019-07-24,,,,5300.64
2019-07-25,,,,5305.31
2019-07-26,,,,5318.93
2019-07-29,,,,5268.94
2019-07-30,,,,5163.76
2019-07-31,,,,5198.82
2019-08-01,,,,5142.55
2019-08-02,,,,5124.11
2019-08-05,,,,5036.85
2019-08-06,,,,5123.19
2019-08-07,,,,5107.3
2019-08-08,,,,5143.29
2019-08-09,,,,5190.83
2019-08-13,,,,5105.84
2019-08-14,,,,5136.06
2019-08-16,,,,5147.26
2019-08-19,,,,5168.57
2019-08-20,,,,5131.24
2019-08-21,,,,5050.42
2019-08-22,,,,4952.7
2019-08-23,,,,4990.34
2019-08-26,,,,5074.89
2019-08-27,,,,5134.6
2019-08-28,,,,5099.0
2019-08-29,,,,5067.37
2019-08-30,,,,5114.0
2019-09-03,,,,5039.63
2019-09-04,,,,5054.26
2019-09-05,,,,5077.33
2019-09-06,,,,5121.42
2019-09-09,,,,5167.5
2019-09-11,,,,5227.75
2019-09-12,,,,5226.31
2019-09-13,,,,5255.38
2019-09-16,,,,5263.19
2019-09-17,,,,5163.21
2019-09-18,,,,5175.76
2019-09-19,,,,5100.29
2019-09-20,,,,5332.56
2019-09-23,,,,5491.08
2019-09-24,,,,5477.8
2019-09-25,,,,5389.96
2019-09-26,,,,5424.86
2019-09-27,,,,5381.21
2019-09-30,,,,5316.0
2019-10-01,,,,5227.49
2019-10-03,,,,5213.23
2019-10-04,,,,5169.05
2019-10-07,,,,5134.84
2019-10-09,,,,5179.84
2019-10-10,,,,5141.97
2019-10-11,,,,5155.61
2019-10-14,,,,5163.03
2019-10-15,,,,5169.01
2019-10-16,,,,5169.55
2019-10-17,,,,5237.35
2019-10-18,,,,5332.36
2019-10-22,,,,5357.53
2019-10-23,,,,5364.05
2019-10-24,,,,5345.59
2019-10-25,,,,5330.92
2019-10-27,,,,5382.08
2019-10-29,,,,5425.52
2019-10-30,,,,5455.6
2019-10-31,,,,5509.92
2019-11-01,,,,5535.1
2019-11-04,,,,5544.53
2019-11-05,,,,5493.11
2019-11-06,,,,5476.96
2019-11-07,,,,5509.14
2019-11-08,,,,5479.48
2019-11-11,,,,5496.58
2019-11-13,,,,5452.75
2019-11-14,,,,5459.48
2019-11-15,,,,5463.72
2019-11-18,,,,5487.04
2019-11-19,,,,5501.82
2019-11-20,,,,5508.12
2019-11-21,,,,5480.2
2019-11-22,,,,5482.35
2019-11-25,,,,5533.22
2019-11-26,,,,5500.37
2019-11-27,,,,5522.31
2019-11-28,,,,5562.53
2019-11-29,,,,5588.18
2019-12-02,,,,5553.06
2019-12-03,,,,5505.37
2019-12-04,,,,5531.98
2019-12-05,,,,5529.4
2019-12-06,,,,5465.47
2019-12-09,,,,5447.52
2019-12-10,,,,5392.08
2019-12-11,,,,5400.31
2019-12-12,,,,5434.54
2019-12-13,,,,5482.23
2019-12-16,,,,5468.21
2019-12-17,,,,5500.79
2019-12-18,,,,5494.17
2019-12-19,,,,5498.08
2019-12-20,,,,5499.53
2019-12-23,,,,5494.73
2019-12-24,,,,5492.66
2019-12-26,,,,5503.9
2019-12-27,,,,5551.33
2019-12-30,,,,5585.33
2019-12-31,,,,5603.01
2020-01-01,,,,5633.32
2020-01-02,,,,5713.8
2020-01-03,,,,5707.93
2020-01-06,,,,5592.92
2020-01-07,,,,5646.64
2020-01-08,,,,5651.34
2020-01-09,,,,5743.28
2020-01-10,,,,5771.48
2020-01-13,,,,5818.43
2020-01-14,,,,5854.63
2020-01-15,,,,5909.11
2020-01-16,,,,5955.29
2020-01-17,,,,5980.08
2020-01-20,,,,5951.34
2020-01-21,,,,5948.11
2020-01-22,,,,5937.8
2020-01-23,,,,5994.47
2020-01-24,,,,6033.95
2020-01-27,,,,6027.15
2020-01-28,,,,6015.24
2020-01-29,,,,6024.93
2020-01-30,,,,5967.61
2020-01-31,,,,5952.58
2020-02-01,,,,5806.93
2020-02-03,,,,5830.05
2020-02-04,,,,5914.28
2020-02-05,,,,5969.46
2020-02-06,,,,6009.95
2020-02-07,,,,6044.46
2020-02-10,,,,6004.08
2020-02-11,,,,6008.51
2020-02-12,,,,5997.3
2020-02-13,,,,5989.99
2020-02-14,,,,5963.63
2020-02-17,,,,5903.92
2020-02-18,,,,5871.97
2020-02-19,,,,5954.16
2020-02-20,,,,5988.53
2020-02-24,,,,5886.02
2020-02-25,,,,5864.93
2020-02-26,,,,5813.75
2020-02-27,,,,5764.73
2020-02-28,,,,5568.93
2020-03-02,,,,5518.32
2020-03-03,,,,5597.96
2020-03-04,,,,5511.53
2020-03-05,,,,5530.31
2020-03-06,,,,5411.74
2020-03-09,,,,5172.55
2020-03-11,,,,5145.93
2020-03-12,,,,4717.4
2020-03-13,,,,4788.26
2020-03-16,,,,4517.57
2020-03-17,,,,4410.11
2020-03-18,,,,4157.84
2020-03-19,,,,3965.33
2020-03-20,,,,4096.54
2020-03-23,,,,3575.12
2020-03-24,,,,3576.77
2020-03-25,,,,3680.45
2020-03-26,,,,3812.09
2020-03-27,,,,3820.66
2020-03-30,,,,3731.24
2020-03-31,,,,3838.24
2020-04-01,,,,3784.33
2020-04-03,,,,3738.0
2020-04-07,,,,3893.31
2020-04-08,,,,3958.46
2020-04-09,,,,4089.9
2020-04-13,,,,4058.35
2020-04-15,,,,4106.86
2020-04-16,,,,4180.16
2020-04-17,,,,4289.28
2020-04-20,,,,4313.57
2020-04-21,,,,4175.92
2020-04-22,,,,4200.45
2020-04-23,,,,4252.18
2020-04-24,,,,4175.58
2020-04-27,,,,4227.99
2020-04-28,,,,4267.43
2020-04-29,,,,4312.86
2020-04-30,,,,4367.4
2020-05-04,,,,4213.78
2020-05-05,,,,4174.46
2020-05-06,,,,4193.59
2020-05-07,,,,4187.32
2020-05-08,,,,4164.29
2020-05-11,,,,4165.09
2020-05-12,,,,4134.75
2020-05-13,,,,4221.43
2020-05-14,,,,4192.93
2020-05-15,,,,4188.74
2020-05-18,,,,4040.36
2020-05-19,,,,4045.94
2020-05-20,,,,4099.7
2020-05-21,,,,4130.13
2020-05-22,,,,4110.9
2020-05-26,,,,4146.87
2020-05-27,,,,4164.75
2020-05-28,,,,4229.33
2020-05-29,,,,4280.36
2020-06-01,,,,4410.58
2020-06-02,,,,4488.67
2020-06-03,,,,4532.77
2020-06-04,,,,4527.34
2020-06-05,,,,4630.15
2020-06-08,,,,4666.34
2020-06-09,,,,4630.18
2020-06-10,,,,4675.0
2020-06-11,,,,4619.47
2020-06-12,,,,4638.05
2020-06-15,,,,4621.3
2020-06-16,,,,4632.64
2020-06-17,,,,4654.3
2020-06-18,,,,4715.33
2020-06-19,,,,4784.93
2020-06-22,,,,4868.7
2020-06-23,,,,4945.59
2020-06-24,,,,4883.93
2020-06-25,,,,4916.37
2020-06-26,,,,4931.96
2020-06-29,,,,4865.78
2020-06-30,,,,4840.51
2020-07-01,,,,4863.4
2020-07-02,,,,4910.62
2020-07-03,,,,4933.74
2020-07-06,,,,5011.58
2020-07-07,,,,5041.6
2020-07-08,,,,5020.32
2020-07-09,,,,5045.45
2020-07-10,,,,5020.4
2020-07-13,,,,5015.3
2020-07-14,,,,4955.08
2020-07-15,,,,4945.0
2020-07-16,,,,4952.94
2020-07-17,,,,5014.32
2020-07-20,,,,5060.92
2020-07-21,,,,5073.78
2020-07-22,,,,5068.36
2020-07-23,,,,5104.41
2020-07-24,,,,5091.39
2020-07-27,,,,5040.72
2020-07-28,,,,5085.04
2020-07-29,,,,5098.52
2020-07-30,,,,5062.27
2020-07-31,,,,5094.52
2020-08-03,,,,5124.23
2020-08-04,,,,5188.56
2020-08-05,,,,5226.98
2020-08-06,,,,5273.17
2020-08-07,,,,5328.13
2020-08-10,,,,5402.57
2020-08-11,,,,5401.46
2020-08-12,,,,5411.8
2020-08-13,,,,5475.49
2020-08-14,,,,5433.75
2020-08-17,,,,5473.15
2020-08-18,,,,5543.5
2020-08-19,,,,5599.3
2020-08-20,,,,5635.07
2020-08-21,,,,5697.7
2020-08-24,,,,5766.8
2020-08-25,,,,5787.35
2020-08-26,,,,5831.48
2020-08-27,,,,5843.67
2020-08-28,,,,5854.08
2020-08-31,,,,5612.43
2020-09-01,,,,5638.95
2020-09-02,,,,5725.1
2020-09-03,,,,5767.02
2020-09-04,,,,5691.32
2020-09-07,,,,5675.17
2020-09-08,,,,5614.38
2020-09-09,,,,5557.43
2020-09-10,,,,5626.5
2020-09-11,,,,5648.36
2020-09-14,,,,5868.7
2020-09-15,,,,5942.07
2020-09-16,,,,5962.48
2020-09-17,,,,5933.33
2020-09-18,,,,5921.97
2020-09-21,,,,5709.05
2020-09-22,,,,5608.84
2020-09-23,,,,5598.71
2020-09-24,,,,5473.94
2020-09-25,,,,5612.43
2020-09-28,,,,5771.12
2020-09-29,,,,5760.77
2020-09-30,,,,5761.78
2020-10-01,,,,5805.76
2020-10-05,,,,5818.31
2020-10-06,,,,5849.77
2020-10-07,,,,5820.17
2020-10-08,,,,5808.34
2020-10-09,,,,5792.26
2020-10-12,,,,5757.92
2020-10-13,,,,5740.64
2020-10-14,,,,5738.33
2020-10-15,,,,5649.94
2020-10-16,,,,5716.39
2020-10-19,,,,5749.84
2020-10-20,,,,5772.31
2020-10-21,,,,5777.69
2020-10-22,,,,5819.63
2020-10-23,,,,5859.93
2020-10-26,,,,5785.98
2020-10-27,,,,5824.29
2020-10-28,,,,5776.56
2020-10-29,,,,5741.74
2020-10-30,,,,5753.84
2020-11-02,,,,5722.44
2020-11-03,,,,5751.03
2020-11-04,,,,5766.12
2020-11-05,,,,5863.85
2020-11-06,,,,5897.93
2020-11-09,,,,5934.43
2020-11-10,,,,5935.01
2020-11-11,,,,5958.89
2020-11-12,,,,6008.92
2020-11-13,,,,6065.44
2020-11-14,,,,6110.83
2020-11-17,,,,6164.36
2020-11-18,,,,6226.88
2020-11-19,,,,6212.46
2020-11-20,,,,6273.04
2020-11-23,,,,6362.01
2020-11-24,,,,6416.84
2020-11-25,,,,6337.42
2020-11-26,,,,6384.04
2020-11-27,,,,6542.64
2020-12-01,,,,6609.52
2020-12-02,,,,6639.27
2020-12-03,,,,6681.98
2020-12-04,,,,6711.14
2020-12-07,,,,6792.8
2020-12-08,,,,6781.23
2020-12-09,,,,6826.46
2020-12-10,,,,6779.31
2020-12-11,,,,6803.95
2020-12-14,,,,6850.34
2020-12-15,,,,6866.62
2020-12-16,,,,6937.65
2020-12-17,,,,6930.16
2020-12-18,,,,6911.74
2020-12-21,,,,6591.74
2020-12-22,,,,6643.19
2020-12-23,,,,6813.83
2020-12-24,,,,6849.29
2020-12-28,,,,6943.15
2020-12-29,,,,6939.78
2020-12-30,,,,6971.97
2020-12-31,,,,6995.02
2021-01-01,,,,7075.5
2021-01-04,,,,7172.78
2021-01-05,,,,7222.73
2021-01-06,,,,7226.72
2021-01-07,,,,7313.44
2021-01-08,,,,7377.0
2021-01-11,,,,7366.84
2021-01-12,,,,7394.84
2021-01-13,,,,7365.65
2021-01-14,,,,7384.79
2021-01-15,,,,7306.46
2021-01-18,,,,7170.38
2021-01-19,,,,7307.67
2021-01-20,,,,7356.13
2021-01-21,,,,7301.97
2021-01-22,,,,7230.57
2021-01-25,,,,7155.67
2021-01-27,,,,7096.46
2021-01-28,,,,7060.02
2021-01-29,,,,7040.55
2021-02-01,,,,7215.65
2021-02-02,,,,7344.06
2021-02-03,,,,7446.72
2021-02-04,,,,7544.62
2021-02-05,,,,7518.86
2021-02-08,,,,7632.68
2021-02-09,,,,7617.79
2021-02-10,,,,7660.19
2021-02-11,,,,7720.0
2021-02-12,,,,7710.65
2021-02-15,,,,7767.79
2021-02-16,,,,7796.69
2021-02-17,,,,7822.94
2021-02-18,,,,7872.66
2021-02-19,,,,7787.22
2021-02-22,,,,7702.1
2021-02-23,,,,7773.3
2021-02-24,,,,7860.8
2021-02-25,,,,7980.53
2021-02-26,,,,7888.61
2021-03-01,,,,8020.07
2021-03-02,,,,8132.03
2021-03-03,,,,8234.74
2021-03-04,,,,8295.43
2021-03-05,,,,8152.16
2021-03-08,,,,8192.31
2021-03-09,,,,8142.61
2021-03-10,,,,8216.43
2021-03-12,,,,8219.62
2021-03-15,,,,8160.66
2021-03-16,,,,8183.97
2021-03-17,,,,8002.19
2021-03-18,,,,7889.06
2021-03-19,,,,7939.54
2021-03-22,,,,7981.77
2021-03-23,,,,8037.39
2021-03-24,,,,7888.29
2021-03-25,,,,7741.68
2021-03-26,,,,7845.61
2021-03-30,,,,7963.32
2021-03-31,,,,7999.85
2021-04-01,,,,8141.11
2021-04-05,,,,8020.82
2021-04-06,,,,8089.52
2021-04-07,,,,8194.48
2021-04-08,,,,8262.65
2021-04-09,,,,8291.14
2021-04-12,,,,7852.88
2021-04-13,,,,7974.85
2021-04-15,,,,7963.38
2021-04-16,,,,8038.41
2021-04-19,,,,7880.51
2021-04-20,,,,7919.31
2021-04-22,,,,7964.23
2021-04-23,,,,7993.6
2021-04-26,,,,8068.87
2021-04-27,,,,8196.23
2021-04-28,,,,8271.88
2021-04-29,,,,8275.09
2021-04-30,,,,8244.8
2021-05-03,,,,8314.83
2021-05-04,,,,8275.39
2021-05-05,,,,8337.36
2021-05-06,,,,8398.72
2021-05-07,,,,8414.73
2021-05-10,,,,8505.87
2021-05-11,,,,8575.45
2021-05-12,,,,8518.28
2021-05-14,,,,8415.0
2021-05-17,,,,8538.8
2021-05-18,,,,8662.49
2021-05-19,,,,8687.93
2021-05-20,,,,8690.63
2021-05-21,,,,8755.45
2021-05-24,,,,8821.23
2021-05-25,,,,8825.75
2021-05-26,,,,8862.63
2021-05-27,,,,8916.24
2021-05-28,,,,8889.63
2021-05-31,,,,8926.15
2021-06-01,,,,8887.38
2021-06-02,,,,8999.22
2021-06-03,,,,9089.0
2021-06-04,,,,9142.97
2021-06-07,,,,9266.83
2021-06-08,,,,9319.96
2021-06-09,,,,9228.23
2021-06-10,,,,9370.56
2021-06-11,,,,9398.98
2021-06-14,,,,9363.26
2021-06-15,,,,9413.32
2021-06-16,,,,9342.83
2021-06-17,,,,9266.16
2021-06-18,,,,9191.0
2021-06-21,,,,9256.08
2021-06-22,,,,9305.74
2021-06-23,,,,9283.42
2021-06-24,,,,9262.4
2021-06-25,,,,9320.18
2021-06-28,,,,9367.61
2021-06-29,,,,9343.41
2021-06-30,,,,9390.8
2021-07-01,,,,9408.6
2021-07-02,,,,9481.66
2021-07-05,,,,9554.9
2021-07-06,,,,9533.64
2021-07-07,,,,9587.6
2021-07-08,,,,9566.09
2021-07-09,,,,9614.48
2021-07-12,,,,9686.59
2021-07-13,,,,9741.81
2021-07-14,,,,9766.42
2021-07-15,,,,9817.56
2021-07-16,,,,9874.33
2021-07-19,,,,9842.28
2021-07-20,,,,9693.62
2021-07-22,,,,9824.09
2021-07-23,,,,9819.26
2021-07-26,,,,9839.7
2021-07-27,,,,9814.46
2021-07-28,,,,9769.84
2021-07-29,,,,9849.9
2021-07-30,,,,9918.13
2021-08-02,,,,10023.71
2021-08-03,,,,10020.6
2021-08-04,,,,9915.63
2021-08-05,,,,9889.76
2021-08-06,,,,9897.94
2021-08-09,,,,9813.4
2021-08-10,,,,9630.03
2021-08-11,,,,9584.05
2021-08-12,,,,9743.06
2021-08-13,,,,9733.79
2021-08-16,,,,9675.02
2021-08-17,,,,9678.86
2021-08-18,,,,9667.56
2021-08-20,,,,9462.84
2021-08-23,,,,9333.5
2021-08-24,,,,9487.39
2021-08-25,,,,9542.72
2021-08-26,,,,9561.82
2021-08-27,,,,9644.47
2021-08-30,,,,9800.33
2021-08-31,,,,9865.92
2021-09-01,,,,9905.49
2021-09-02,,,,9993.43
2021-09-03,,,,10040.29
2021-09-06,,,,10103.75
2021-09-07,,,,10081.42
2021-09-08,,,,10131.81
2021-09-09,,,,10188.37
2021-09-13,,,,10252.2
2021-09-14,,,,10340.81
2021-09-15,,,,10426.04
2021-09-16,,,,10444.47
2021-09-17,,,,10338.65
2021-09-20,,,,10141.17
2021-09-21,,,,10168.65
2021-09-22,,,,10305.77
2021-09-23,,,,10416.36
2021-09-24,,,,10377.69
2021-09-27,,,,10381.24
2021-09-28,,,,10322.59
2021-09-29,,,,10380.19
2021-09-30,,,,10441.54
2021-10-01,,,,10461.66
2021-10-04,,,,10616.87
2021-10-05,,,,10669.94
2021-10-06,,,,10579.12
2021-10-07,,,,10738.51
2021-10-08,,,,10808.11
2021-10-11,,,,10896.48
2021-10-12,,,,10949.01
2021-10-13,,,,11031.51
2021-10-14,,,,11095.21
2021-10-18,,,,11197.47
2021-10-19,,,,10984.67
2021-10-20,,,,10760.13
2021-10-21,,,,10692.06
2021-10-22,,,,10593.44
2021-10-25,,,,10411.45
2021-10-26,,,,10625.06
2021-10-27,,,,10658.69
2021-10-28,,,,10487.05
2021-10-29,,,,10462.0
2021-11-01,,,,10603.34
2021-11-02,,,,10714.42
2021-11-03,,,,10683.04
2021-11-04,,,,10802.5
2021-11-08,,,,10905.78
2021-11-09,,,,10982.97
2021-11-10,,,,10959.48
2021-11-11,,,,10895.68
2021-11-12,,,,10940.28
2021-11-15,,,,10946.78
2021-11-16,,,,10951.11
2021-11-17,,,,10922.6
2021-11-18,,,,10755.24
2021-11-22,,,,10461.32
2021-11-23,,,,10641.31
2021-11-24,,,,10651.78
2021-11-25,,,,10721.95
2021-11-26,,,,10408.36
2021-11-29,,,,10221.95
2021-11-30,,,,10362.27
2021-12-01,,,,10419.53
2021-12-02,,,,10537.96
2021-12-03,,,,10558.11
2021-12-06,,,,10424.24
2021-12-07,,,,10551.38
2021-12-08,,,,10708.88
2021-12-09,,,,10788.73
2021-12-10,,,,10874.13
2021-12-13,,,,10873.98
2021-12-14,,,,10876.88
2021-12-15,,,,10828.74
2021-12-16,,,,10742.47
2021-12-17,,,,10511.95
2021-12-20,,,,10151.86
2021-12-21,,,,10280.46
2021-12-22,,,,10441.18
2021-12-23,,,,10526.12
2021-12-24,,,,10441.11
2021-12-27,,,,10478.41
2021-12-28,,,,10616.12
2021-12-29,,,,10661.34
2021-12-30,,,,10661.4
2021-12-31,,,,10792.71
2022-01-03,,,,10922.73
2022-01-04,,,,10964.69
2022-01-05,,,,10969.27
2022-01-06,,,,10972.14
2022-01-07,,,,11015.21
2022-01-10,,,,11129.54
2022-01-11,,,,11144.16
2022-01-12,,,,11244.85
2022-01-13,,,,11305.86
2022-01-14,,,,11343.2
2022-01-17,,,,11386.74
2022-01-18,,,,11164.45
2022-01-19,,,,11168.8
2022-01-20,,,,11148.51
2022-01-21,,,,10926.35
2022-01-24,,,,10471.72
2022-01-25,,,,10572.57
2022-01-27,,,,10489.02
2022-01-28,,,,10585.91
2022-01-31,,,,10717.9
2022-02-01,,,,10813.92
2022-02-02,,,,10965.81
2022-02-03,,,,10912.69
2022-02-04,,,,10839.62
2022-02-07,,,,10732.27
2022-02-08,,,,10608.2
2022-02-09,,,,10685.96
2022-02-10,,,,10705.79
2022-02-11,,,,10500.23
2022-02-14,,,,10075.56
2022-02-15,,,,10304.68
2022-02-16,,,,10334.75
2022-02-17,,,,10281.49
2022-02-18,,,,10195.25
2022-02-21,,,,10004.82
2022-02-22,,,,9860.55
2022-02-23,,,,9937.06
2022-02-24,,,,9377.1
2022-02-25,,,,9757.49
2022-02-28,,,,9838.96
2022-03-02,,,,9840.76
2022-03-03,,,,9846.6
2022-03-04,,,,9667.73
2022-03-07,,,,9448.8
2022-03-08,,,,9563.37
2022-03-09,,,,9761.12
2022-03-10,,,,9881.13
2022-03-11,,,,9951.66
2022-03-14,,,,9978.84
2022-03-15,,,,9897.61
2022-03-16,,,,10048.9
2022-03-17,,,,10169.7
2022-03-21,,,,10176.66
2022-03-22,,,,10199.28
2022-03-23,,,,10209.58
2022-03-24,,,,10253.34
2022-03-25,,,,10223.16
2022-03-28,,,,10185.36
2022-03-29,,,,10247.83
2022-03-30,,,,10339.99
2022-03-31,,,,10383.03
2022-04-01,,,,10547.41
2022-04-04,,,,10706.05
2022-04-05,,,,10836.13
2022-04-06,,,,10883.28
2022-04-07,,,,10811.84
2022-04-08,,,,10904.16
2022-04-11,,,,10959.43
2022-04-12,,,,10783.66
2022-04-13,,,,10796.87
2022-04-18,,,,10687.63
2022-04-19,,,,10540.85
2022-04-20,,,,10575.41
2022-04-21,,,,10697.22
2022-04-22,,,,10639.46
2022-04-25,,,,10436.61
2022-04-26,,,,10565.46
2022-04-27,,,,10491.3
2022-04-28,,,,10535.99
2022-04-29,,,,10444.6
2022-05-02,,,,10365.43
2022-05-04,,,,10140.96
2022-05-05,,,,10110.86
2022-05-06,,,,9909.33
2022-05-09,,,,9729.29
2022-05-10,,,,9540.58
2022-05-11,,,,9381.71
2022-05-12,,,,9202.73
2022-05-13,,,,9295.3
2022-05-16,,,,9416.51
2022-05-17,,,,9670.35
2022-05-18,,,,9680.43
2022-05-19,,,,9440.48
2022-05-20,,,,9637.36
2022-05-23,,,,9584.57
2022-05-24,,,,9496.41
2022-05-25,,,,9246.25
2022-05-26,,,,9345.16
2022-05-27,,,,9452.08
2022-05-30,,,,9669.58
2022-05-31,,,,9720.99
2022-06-01,,,,9771.1
2022-06-02,,,,9820.21
2022-06-03,,,,9703.34
2022-06-06,,,,9662.57
2022-06-07,,,,9602.25
2022-06-08,,,,9574.17
2022-06-09,,,,9596.3
2022-06-10,,,,9520.18
2022-06-13,,,,9222.56
2022-06-14,,,,9192.55
2022-06-15,,,,9233.76
2022-06-16,,,,8989.34
2022-06-17,,,,8902.63
2022-06-20,,,,8676.94
2022-06-21,,,,8944.76
2022-06-22,,,,8832.99
2022-06-23,,,,8934.17
2022-06-24,,,,9073.12
2022-06-27,,,,9192.55
2022-06-28,,,,9206.89
2022-06-29,,,,9171.54
2022-06-30,,,,9130.58
2022-07-01,,,,9155.99
2022-07-04,,,,9208.55
2022-07-05,,,,9214.97
2022-07-06,,,,9321.75
2022-07-07,,,,9444.88
2022-07-08,,,,9465.88
2022-07-11,,,,9562.54
2022-07-12,,,,9519.08
2022-07-13,,,,9534.04
2022-07-14,,,,9496.04
2022-07-15,,,,9550.63
2022-07-18,,,,9685.01
2022-07-19,,,,9761.68
2022-07-20,,,,9797.25
2022-07-21,,,,9900.03
2022-07-22,,,,9922.46
2022-07-25,,,,9898.66
2022-07-26,,,,9794.97
2022-07-27,,,,9837.07
2022-07-28,,,,9910.69
2022-07-29,,,,10050.22
2022-08-01,,,,10208.8
2022-08-02,,,,10263.78
2022-08-03,,,,10216.57
2022-08-04,,,,10230.62
2022-08-05,,,,10242.19
2022-08-08,,,,10267.63
2022-08-10,,,,10242.33
2022-08-11,,,,10314.36
2022-08-12,,,,10359.04
2022-08-16,,,,10474.77
2022-08-17,,,,10521.38
2022-08-18,,,,10543.9
2022-08-19,,,,10421.55
2022-08-22,,,,10280.23
2022-08-23,,,,10380.94
2022-08-24,,,,10460.39
2022-08-25,,,,10482.83
2022-08-26,,,,10541.0
2022-08-29,,,,10466.28
2022-08-30,,,,10635.73
2022-09-01,,,,10665.22
2022-09-02,,,,10662.69
2022-09-05,,,,10745.33
2022-09-06,,,,10782.37
2022-09-07,,,,10854.76
2022-09-08,,,,10912.06
2022-09-09,,,,10922.87
2022-09-12,,,,11019.03
2022-09-13,,,,11032.98
2022-09-14,,,,11019.36
2022-09-15,,,,11035.75
2022-09-16,,,,10769.81
2022-09-19,,,,10731.38
2022-09-20,,,,10871.46
2022-09-21,,,,10799.81
2022-09-22,,,,10848.46
2022-09-23,,,,10626.38
2022-09-26,,,,10291.1
2022-09-27,,,,10322.18
2022-09-28,,,,10285.75
2022-09-29,,,,10337.05
2022-09-30,,,,10490.72
2022-10-03,,,,10416.38
2022-10-04,,,,10603.03
2022-10-06,,,,10723.7
2022-10-07,,,,10727.3
2022-10-10,,,,10649.7
2022-10-11,,,,10482.14
2022-10-12,,,,10534.58
2022-10-13,,,,10473.68
2022-10-14,,,,10472.13
2022-10-17,,,,10494.55
2022-10-18,,,,10589.24
2022-10-19,,,,10595.38
2022-10-20,,,,10587.16
2022-10-21,,,,10533.68
2022-10-24,,,,10612.68
2022-10-25,,,,10610.11
2022-10-27,,,,10664.14
2022-10-28,,,,10597.06
2022-10-31,,,,10685.81
2022-11-01,,,,10738.25
2022-11-02,,,,10738.17
2022-11-03,,,,10753.56
2022-11-04,,,,10775.33
2022-11-07,,,,10855.25
2022-11-09,,,,10800.52
2022-11-10,,,,10684.92
2022-11-11,,,,10710.43
2022-11-14,,,,10732.52
2022-11-15,,,,10733.13
2022-11-16,,,,10682.99
2022-11-17,,,,10653.94
2022-11-18,,,,10608.64
2022-11-21,,,,10614.3
2022-11-22,,,,10628.92
2022-11-23,,,,10672.55
2022-11-24,,,,10723.14
2022-11-25,,,,10812.65
2022-11-28,,,,10907.93
2022-11-29,,,,10869.05
2022-11-30,,,,10946.62
2022-12-01,,,,11012.31
2022-12-02,,,,11095.95
2022-12-05,,,,11118.42
2022-12-06,,,,11078.67
2022-12-07,,,,11029.86
2022-12-08,,,,11086.63
2022-12-09,,,,11003.82
2022-12-12,,,,11049.98
2022-12-13,,,,11104.81
2022-12-14,,,,11176.97
2022-12-15,,,,11102.5
2022-12-16,,,,10978.62
2022-12-19,,,,11021.23
2022-12-20,,,,11000.53
2022-12-21,,,,10799.99
2022-12-22,,,,10655.22
2022-12-23,,,,10234.19
2022-12-26,,,,10532.54
2022-12-27,,,,10646.74
2022-12-28,,,,10675.28
2022-12-29,,,,10689.41
2022-12-30,,,,10756.35
2023-01-02,,,,10835.2
2023-01-03,,,,10853.89
2023-01-04,,,,10756.69
2023-01-05,,,,10776.64
2023-01-06,,,,10698.16
2023-01-09,,,,10763.79
2023-01-10,,,,10715.29
2023-01-11,,,,10701.67
2023-01-12,,,,10693.24
2023-01-13,,,,10705.79
2023-01-16,,,,10689.35
2023-01-17,,,,10678.75
2023-01-18,,,,10704.86
2023-01-19,,,,10684.29
2023-01-20,,,,10617.12
2023-01-23,,,,10619.67
2023-01-24,,,,10579.81
2023-01-25,,,,10466.62
2023-01-27,,,,10306.17
2023-01-30,,,,10287.61
2023-01-31,,,,10501.01
2023-02-01,,,,10396.01
2023-02-02,,,,10427.96
2023-02-03,,,,10402.57
2023-02-06,,,,10460.35
2023-02-07,,,,10440.57
2023-02-08,,,,10524.93
2023-02-09,,,,10516.27
2023-02-10,,,,10554.73
2023-02-13,,,,10423.01
2023-02-14,,,,10373.02
2023-02-15,,,,10418.51
2023-02-16,,,,10500.04
2023-02-17,,,,10448.73
2023-02-20,,,,10432.26
2023-02-21,,,,10400.1
2023-02-22,,,,10289.26
2023-02-23,,,,10286.07
2023-02-24,,,,10264.57
2023-02-27,,,,10175.59
2023-02-28,,,,10225.36
2023-03-01,,,,10361.05
2023-03-02,,,,10345.15
2023-03-03,,,,10407.66
2023-03-06,,,,10497.88
2023-03-08,,,,10528.96
2023-03-09,,,,10482.5
2023-03-10,,,,10409.95
2023-03-13,,,,10208.51
2023-03-14,,,,10131.22
2023-03-15,,,,10142.21
2023-03-16,,,,10105.25
2023-03-17,,,,10160.64
2023-03-20,,,,10068.45
2023-03-21,,,,10119.59
2023-03-22,,,,10161.7
2023-03-23,,,,10126.87
2023-03-24,,,,9991.11
2023-03-27,,,,9888.6
2023-03-28,,,,9833.58
2023-03-29,,,,9999.49
2023-03-31,,,,10121.44
2023-04-03,,,,10184.68
2023-04-05,,,,10224.19
2023-04-06,,,,10296.0
2023-04-10,,,,10323.48
2023-04-11,,,,10369.58
2023-04-12,,,,10420.35
2023-04-13,,,,10444.93
2023-04-17,,,,10472.41
2023-04-18,,,,10506.78
2023-04-19,,,,10498.21
2023-04-20,,,,10509.06
2023-04-21,,,,10477.45
2023-04-24,,,,10516.24
2023-04-25,,,,10530.57
2023-04-26,,,,10565.33
2023-04-27,,,,10621.89
2023-04-28,,,,10733.65
2023-05-02,,,,10810.14
2023-05-03,,,,10830.82
2023-05-04,,,,10912.57
2023-05-05,,,,10846.76
2023-05-08,,,,10937.03
2023-05-09,,,,10917.24
2023-05-10,,,,10949.45
2023-05-11,,,,11005.37
2023-05-12,,,,10967.52
2023-05-15,,,,11038.3
2023-05-16,,,,11053.16
2023-05-17,,,,11072.85
2023-05-18,,,,11018.43
2023-05-19,,,,11009.43
2023-05-22,,,,11061.29
2023-05-23,,,,11100.01
2023-05-24,,,,11110.54
2023-05-25,,,,11144.66
2023-05-26,,,,11212.94
2023-05-29,,,,11248.44
2023-05-30,,,,11272.01
2023-05-31,,,,11336.69
2023-06-01,,,,11394.55
2023-06-02,,,,11447.88
2023-06-05,,,,11480.81
2023-06-06,,,,11518.2
2023-06-07,,,,11647.5
2023-06-08,,,,11577.2
2023-06-09,,,,11566.04
2023-06-12,,,,11637.57
2023-06-13,,,,11748.6
2023-06-14,,,,11781.89
2023-06-15,,,,11810.27
2023-06-16,,,,11899.26
2023-06-19,,,,11918.72
2023-06-20,,,,11970.3
2023-06-21,,,,12018.05
2023-06-22,,,,11923.74
2023-06-23,,,,11787.5
2023-06-26,,,,11877.28
2023-06-27,,,,11938.74
2023-06-28,,,,11979.48
2023-06-30,,,,12046.76
2023-07-03,,,,12112.0
2023-07-04,,,,12110.21
2023-07-05,,,,12182.55
2023-07-06,,,,12284.05
2023-07-07,,,,12220.0
2023-07-10,,,,12174.28
2023-07-11,,,,12277.63
2023-07-12,,,,12337.72
2023-07-13,,,,12258.85
2023-07-14,,,,12400.83
2023-07-17,,,,12472.93
2023-07-18,,,,12418.43
2023-07-19,,,,12500.67
2023-07-20,,,,12531.11
2023-07-21,,,,12536.74
2023-07-24,,,,12546.82
2023-07-25,,,,12580.01
2023-07-26,,,,12620.91
2023-07-27,,,,12641.05
2023-07-28,,,,12701.67
2023-07-31,,,,12841.69
2023-08-01,,,,12859.46
2023-08-02,,,,12697.34
2023-08-03,,,,12707.81
2023-08-04,,,,12793.04
2023-08-07,,,,12845.1
2023-08-08,,,,12872.0
2023-08-09,,,,12928.32
2023-08-10,,,,12911.15
2023-08-11,,,,12876.66
2023-08-14,,,,12818.5
2023-08-16,,,,12853.75
2023-08-17,,,,12884.81
2023-08-18,,,,12856.34
2023-08-21,,,,12959.18
2023-08-22,,,,13071.73
2023-08-23,,,,13142.83
2023-08-24,,,,13152.33
2023-08-25,,,,13087.81
2023-08-28,,,,13160.29
2023-08-29,,,,13230.11
2023-08-30,,,,13331.4
2023-08-31,,,,13419.97
2023-09-01,,,,13521.22
2023-09-04,,,,13647.96
2023-09-05,,,,13766.71
2023-09-06,,,,13772.1
2023-09-07,,,,13854.45
2023-09-08,,,,13960.97
2023-09-11,,,,14103.71
2023-09-12,,,,13620.86
2023-09-13,,,,13696.69
2023-09-14,,,,13844.09
2023-09-15,,,,13870.16
2023-09-18,,,,13811.07
2023-09-20,,,,13749.43
2023-09-21,,,,13613.98
2023-09-22,,,,13608.23
2023-09-25,,,,13649.92
2023-09-26,,,,13674.87
2023-09-27,,,,13775.93
2023-09-28,,,,13675.9
2023-09-29,,,,13791.98
2023-10-03,,,,13853.62
2023-10-04,,,,13686.02
2023-10-05,,,,13721.11
2023-10-06,,,,13805.2
2023-10-09,,,,13600.28
2023-10-10,,,,13761.11
2023-10-11,,,,13842.98
2023-10-12,,,,13909.4
2023-10-13,,,,13891.77
2023-10-16,,,,13925.79
2023-10-17,,,,14003.41
2023-10-18,,,,13926.78
2023-10-19,,,,13928.49
2023-10-20,,,,13806.39
2023-10-23,,,,13356.7
2023-10-25,,,,13273.9
2023-10-26,,,,13166.58
2023-10-27,,,,13389.68
2023-10-30,,,,13403.73
2023-10-31,,,,13413.14
2023-11-01,,,,13390.48
2023-11-02,,,,13542.65
2023-11-03,,,,13657.83
2023-11-06,,,,13792.61
2023-11-07,,,,13851.3
2023-11-08,,,,13959.28
2023-11-09,,,,13940.95
2023-11-10,,,,13996.26
2023-11-12,,,,14130.81
2023-11-13,,,,14145.17
2023-11-15,,,,14285.08
2023-11-16,,,,14365.97
2023-11-17,,,,14414.59
2023-11-20,,,,14418.7
2023-11-21,,,,14435.11
2023-11-22,,,,14387.39
2023-11-23,,,,14431.81
2023-11-24,,,,14459.1
2023-11-28,,,,14503.27
2023-11-29,,,,14606.23
2023-11-30,,,,14741.36
2023-12-01,,,,14848.08
2023-12-04,,,,15029.59
2023-12-05,,,,15069.11
2023-12-06,,,,15101.0
2023-12-07,,,,15165.04
2023-12-08,,,,15085.87
2023-12-11,,,,15179.8
2023-12-12,,,,15137.97
2023-12-13,,,,15250.24
2023-12-14,,,,15393.21
2023-12-15,,,,15464.65
2023-12-18,,,,15520.85
2023-12-19,,,,15497.04
2023-12-20,,,,15002.6
2023-12-21,,,,15238.23
2023-12-22,,,,15377.08
2023-12-26,,,,15443.2
2023-12-27,,,,15495.75
2023-12-28,,,,15577.95
2023-12-29,,,,15691.17
2024-01-01,,,,15785.1
2024-01-02,,,,15770.16
2024-01-03,,,,15798.76
2024-01-04,,,,15996.57
2024-01-05,,,,16075.94
2024-01-08,,,,15960.33
2024-01-09,,,,16004.23
2024-01-10,,,,16040.33
2024-01-11,,,,16141.13
2024-01-12,,,,16200.51
2024-01-15,,,,16263.32
2024-01-16,,,,16215.01
2024-01-17,,,,16044.06
2024-01-18,,,,16041.43
2024-01-19,,,,16247.26
2024-01-20,,,,16308.5
2024-01-23,,,,15847.74
2024-01-24,,,,16121.26
2024-01-25,,,,16126.32
2024-01-29,,,,16347.85
2024-01-30,,,,16329.87
2024-01-31,,,,16632.95
2024-02-01,,,,16597.64
2024-02-02,,,,16690.49
2024-02-05,,,,16685.69
2024-02-06,,,,16861.56
2024-02-07,,,,16962.26
2024-02-08,,,,16905.56
2024-02-09,,,,16723.89
2024-02-12,,,,16224.74
2024-02-13,,,,16276.96
2024-02-14,,,,16451.52
2024-02-15,,,,16625.3
2024-02-16,,,,16743.71
2024-02-19,,,,16823.08
2024-02-20,,,,16776.03
2024-02-21,,,,16618.95
2024-02-22,,,,16735.95
2024-02-23,,,,16814.21
2024-02-26,,,,16773.92
2024-02-27,,,,16786.94
2024-02-28,,,,16477.4
2024-02-29,,,,16553.91
2024-03-01,,,,16673.51
2024-03-02,,,,16787.42
2024-03-04,,,,16744.67
2024-03-05,,,,16669.68
2024-03-06,,,,16451.98
2024-03-07,,,,16539.35
2024-03-11,,,,16335.87
2024-03-12,,,,16065.23
2024-03-13,,,,15315.73
2024-03-14,,,,15715.83
2024-03-15,,,,15707.12
2024-03-18,,,,15666.89
2024-03-19,,,,15486.57
2024-03-20,,,,15490.04
2024-03-21,,,,15842.01
2024-03-22,,,,15954.61
2024-03-26,,,,16032.55
2024-03-27,,,,16107.01
2024-03-28,,,,16169.93
2024-04-01,,,,16558.45
2024-04-02,,,,16732.65
2024-04-03,,,,16863.24
2024-04-04,,,,16919.54
2024-04-05,,,,17009.45
2024-04-08,,,,17048.32
2024-04-09,,,,17031.43
2024-04-10,,,,17155.57
2024-04-12,,,,17079.12
2024-04-15,,,,16831.81
2024-04-16,,,,16876.22
2024-04-18,,,,16844.94
2024-04-19,,,,16796.11
2024-04-22,,,,16951.3
2024-04-23,,,,17118.33
2024-04-24,,,,17256.28
2024-04-25,,,,17363.69
2024-04-26,,,,17469.57
2024-04-29,,,,17504.63
2024-04-30,,,,17530.54
2024-05-02,,,,17576.44
2024-05-03,,,,17515.1
2024-05-06,,,,17376.57
2024-05-07,,,,17060.35
2024-05-08,,,,17147.77
2024-05-09,,,,16770.26
2024-05-10,,,,16905.93
2024-05-13,,,,16918.37
2024-05-14,,,,17146.93
2024-05-15,,,,17292.13
2024-05-16,,,,17442.07
2024-05-17,,,,17672.45
2024-05-18,,,,17799.77
2024-05-21,,,,17789.36
2024-05-22,,,,17802.88
2024-05-23,,,,17867.34
2024-05-24,,,,17852.25
2024-05-27,,,,17924.58
2024-05-28,,,,17764.24
2024-05-29,,,,17748.9
2024-05-30,,,,17514.97
2024-05-31,,,,17605.83
2024-06-03,,,,18051.62
2024-06-04,,,,16744.68
2024-06-05,,,,17341.39
2024-06-06,,,,17812.74
2024-06-07,,,,18136.72
2024-06-10,,,,18289.65
2024-06-11,,,,18420.26
2024-06-12,,,,18599.16
2024-06-13,,,,18748.92
2024-06-14,,,,18927.82
2024-06-18,,,,19069.8
2024-06-19,,,,18933.47
2024-06-20,,,,19078.51
2024-06-21,,,,19057.82
2024-06-24,,,,19081.87
2024-06-25,,,,19068.33
2024-06-26,,,,19062.89
2024-06-27,,,,19026.02
2024-06-28,,,,19138.33
2024-07-01,,,,19372.8
2024-07-02,,,,19301.89
2024-07-03,,,,19463.59
2024-07-04,,,,19583.44
2024-07-05,,,,19713.78
2024-07-08,,,,19658.71
2024-07-09,,,,19708.86
2024-07-10,,,,19603.47
2024-07-11,,,,19683.97
2024-07-12,,,,19671.25
2024-07-15,,,,19775.26
2024-07-16,,,,19796.53
2024-07-18,,,,19593.92
2024-07-19,,,,19158.58
2024-07-22,,,,19349.28
2024-07-23,,,,19248.1
2024-07-24,,,,19512.67
2024-07-25,,,,19461.03
2024-07-26,,,,19718.71
2024-07-29,,,,19917.51
2024-07-30,,,,20047.68
2024-07-31,,,,20078.84
2024-08-01,,,,19938.93
2024-08-02,,,,19758.78
2024-08-05,,,,18997.02
2024-08-06,,,,18903.27
2024-08-07,,,,19336.24
2024-08-08,,,,19275.15
2024-08-09,,,,19410.26
2024-08-12,,,,19467.99
2024-08-13,,,,19273.09
2024-08-14,,,,19160.6
2024-08-16,,,,19498.12
2024-08-19,,,,19671.17
2024-08-20,,,,19806.23
2024-08-21,,,,19956.29
2024-08-22,,,,20053.46
2024-08-23,,,,20012.65
2024-08-26,,,,20106.15
2024-08-27,,,,20235.04
2024-08-28,,,,20198.89
2024-08-29,,,,20096.73
2024-08-30,,,,20233.2
2024-09-02,,,,20197.18
2024-09-03,,,,20280.43
2024-09-04,,,,20303.04
2024-09-05,,,,20438.26
2024-09-06,,,,20193.98
2024-09-09,,,,20084.0
2024-09-10,,,,20317.58
2024-09-11,,,,20211.95
2024-09-12,,,,20406.06
2024-09-13,,,,20562.12
2024-09-16,,,,20612.98
2024-09-17,,,,20579.92
2024-09-18,,,,20473.3
2024-09-19,,,,20306.13
2024-09-20,,,,20549.09
2024-09-23,,,,20714.53
2024-09-24,,,,20724.7
2024-09-25,,,,20625.71
2024-09-26,,,,20584.29
2024-09-27,,,,20561.7
2024-09-30,,,,20545.28
2024-10-01,,,,20644.1
2024-10-03,,,,20228.7
2024-10-04,,,,20051.43
2024-10-07,,,,19562.94
2024-10-08,,,,19962.38
2024-10-09,,,,20192.88
2024-10-10,,,,20190.89
2024-10-11,,,,20281.76
2024-10-14,,,,20347.5
2024-10-15,,,,20492.63
2024-10-16,,,,20493.72
2024-10-17,,,,20178.79
2024-10-18,,,,20191.82
2024-10-21,,,,19874.27
2024-10-22,,,,19252.88
2024-10-23,,,,19401.99
2024-10-24,,,,19320.02
2024-10-25,,,,18929.33
2024-10-28,,,,19098.87
2024-10-29,,,,19248.68
2024-10-30,,,,19385.36
2024-10-31,,,,19515.48
2024-11-01,,,,19686.47
2024-11-04,,,,19386.29
2024-11-05,,,,19477.25
2024-11-06,,,,19863.93
2024-11-07,,,,19753.6
2024-11-08,,,,19470.81
2024-11-11,,,,19275.43
2024-11-12,,,,19061.58
2024-11-13,,,,18515.23
2024-11-14,,,,18631.78
2024-11-18,,,,18554.5
2024-11-19,,,,18726.53
2024-11-21,,,,18636.94
2024-11-22,,,,18835.34
2024-11-25,,,,19178.44
2024-11-26,,,,19241.45
2024-11-27,,,,19387.41
2024-11-28,,,,19402.03
2024-11-29,,,,19510.29
2024-12-02,,,,19670.74
2024-12-03,,,,19849.5
2024-12-04,,,,20015.36
2024-12-05,,,,20106.88
2024-12-06,,,,20202.44
2024-12-09,,,,20278.04
2024-12-10,,,,20334.92
2024-12-11,,,,20396.32
2024-12-12,,,,20250.02
2024-12-13,,,,20203.14
2024-12-16,,,,20316.19
2024-12-17,,,,20192.35
2024-12-18,,,,20063.52
2024-12-19,,,,20005.76
2024-12-20,,,,19561.41
2024-12-23,,,,19531.67
2024-12-24,,,,19564.04
2024-12-26,,,,19568.36
2024-12-27,,,,19583.56
2024-12-30,,,,19557.7
2024-12-31,,,,19635.79
2025-01-01,,,,19771.34
2025-01-02,,,,19931.29
2025-01-03,,,,19887.01
2025-01-06,,,,19350.19
2025-01-07,,,,19570.96
2025-01-08,,,,19333.19
2025-01-09,,,,19143.39
2025-01-10,,,,18714.86
2025-01-13,,,,17973.36
2025-01-14,,,,18315.99
2025-01-15,,,,18397.12
2025-01-16,,,,18608.08
2025-01-17,,,,18614.75
2025-01-20,,,,18764.66
2025-01-21,,,,18379.16
2025-01-22,,,,18117.65
2025-01-23,,,,18353.47
2025-01-24,,,,18001.75
2025-01-27,,,,17419.26
2025-01-28,,,,17201.77
2025-01-29,,,,17681.21
2025-01-30,,,,17681.08
2025-01-31,,,,17984.02
2025-02-01,,,,18005.96
2025-02-03,,,,17762.01
2025-02-04,,,,17985.93
2025-02-05,,,,18191.51
2025-02-06,,,,18094.76
2025-02-07,,,,18071.89
2025-02-10,,,,17691.04
2025-02-11,,,,17129.5
2025-02-12,,,,17038.03
2025-02-13,,,,17022.49
2025-02-14,,,,16539.13
2025-02-17,,,,16549.18
2025-02-18,,,,16423.08
2025-02-19,,,,16725.48
2025-02-20,,,,16937.51
2025-02-21,,,,16794.88
2025-02-24,,,,16614.58
2025-02-25,,,,16534.62
2025-02-27,,,,16293.31
2025-02-28,,,,15898.66
2025-03-03,,,,15862.47
2025-03-04,,,,15963.49
2025-03-05,,,,16372.97
2025-03-06,,,,16537.4
2025-03-07,,,,16569.31
2025-03-10,,,,16295.09
2025-03-11,,,,16278.55
2025-03-12,,,,16214.39
2025-03-13,,,,16108.02
2025-03-17,,,,16196.23
2025-03-18,,,,16576.58
2025-03-19,,,,16938.98
2025-03-20,,,,17051.14
2025-03-21,,,,17348.6
2025-03-24,,,,17531.1
2025-03-25,,,,17326.82
2025-03-26,,,,17149.55
2025-03-27,,,,17261.4
2025-03-28,,,,17232.29
2025-04-01,,,,17105.01
2025-04-02,,,,17311.7
2025-04-03,,,,17389.02
2025-04-04,,,,16847.18
2025-04-07,,,,16208.42
2025-04-08,,,,16556.34
2025-04-09,,,,16417.69
2025-04-11,,,,16823.18
2025-04-15,,,,17335.42
2025-04-16,,,,17481.65
2025-04-17,,,,17572.21
2025-04-21,,,,17937.0
2025-04-22,,,,18084.97
2025-04-23,,,,18199.18
2025-04-24,,,,18179.07
2025-04-25,,,,17730.86
2025-04-28,,,,17900.48
2025-04-29,,,,17938.14
2025-04-30,,,,17716.67
2025-05-02,,,,17653.01
2025-05-05,,,,17892.33
2025-05-06,,,,17512.44
2025-05-07,,,,17749.64
2025-05-08,,,,17486.85
2025-05-09,,,,17431.73
2025-05-12,,,,18107.87
2025-05-13,,,,18203.94
2025-05-14,,,,18447.44
2025-05-15,,,,18581.65
2025-05-16,,,,18803.34
2025-05-19,,,,18879.34
2025-05-20,,,,18647.2
2025-05-21,,,,18760.38
2025-05-22,,,,18725.9
2025-05-23,,,,18835.69
2025-05-26,,,,18937.74
2025-05-27,,,,18968.01
2025-05-28,,,,19012.17
2025-05-29,,,,19107.31
2025-05-30,,,,19119.57
2025-06-02,,,,19239.64
2025-06-03,,,,19214.43
2025-06-04,,,,19342.33
2025-06-05,,,,19471.15
2025-06-06,,,,19630.25
2025-06-09,,,,19859.15
2025-06-10,,,,19878.53
2025-06-11,,,,19837.98
2025-06-12,,,,19543.3
2025-06-13,,,,19470.45
2025-06-16,,,,19591.46
2025-06-17,,,,19463.54
2025-06-18,,,,19398.74
2025-06-19,,,,19058.49
2025-06-20,,,,19235.82
2025-06-23,,,,19348.99
2025-06-24,,,,19493.45
2025-06-25,,,,19703.78
2025-06-26,,,,19780.89
2025-06-27,,,,19899.31
2025-06-30,,,,20054.63
2025-07-01,,,,20017.33
2025-07-02,,,,19973.48
2025-07-03,,,,20027.0
2025-07-04,,,,20027.5
2025-07-07,,,,19981.37
2025-07-08,,,,19944.21
2025-07-09,,,,19995.85
2025-07-10,,,,19961.69
2025-07-11,,,,19808.19
2025-07-14,,,,19962.86
2025-07-15,,,,20135.38
2025-07-16,,,,20162.8
2025-07-17,,,,20194.82
2025-07-18,,,,20058.27
2025-07-21,,,,20110.54
2025-07-22,,,,20024.69
2025-07-23,,,,20067.74
2025-07-24,,,,19958.7
2025-07-25,,,,19597.11
2025-07-28,,,,19389.85
2025-07-29,,,,19562.54
2025-07-30,,,,19570.28
2025-07-31,,,,19400.48
2025-08-01,,,,19117.64
2025-08-04,,,,19320.62
2025-08-05,,,,19271.6
2025-08-06,,,,19068.92
2025-08-07,,,,19084.68
2025-08-08,,,,18827.23
2025-08-11,,,,18931.3
2025-08-12,,,,18911.57
2025-08-13,,,,19032.04
2025-08-14,,,,18969.04
2025-08-18,,,,19208.08
2025-08-19,,,,19371.01
2025-08-20,,,,19448.98
2025-08-21,,,,19415.55
2025-08-22,,,,19382.75
2025-08-25,,,,19386.07
2025-08-26,,,,19064.67
2025-08-28,,,,18844.87
2025-08-29,,,,18762.43
2025-09-01,,,,19058.08
2025-09-02,,,,19131.39
2025-09-03,,,,19275.85
2025-09-04,,,,19149.91
2025-09-05,,,,19178.92
2025-09-08,,,,19233.27
2025-09-09,,,,19277.51
2025-09-10,,,,19433.2
2025-09-11,,,,19436.6
2025-09-12,,,,19494.39
2025-09-15,,,,19597.27
2025-09-16,,,,19730.37
2025-09-17,,,,19798.67
2025-09-18,,,,19835.65
2025-09-19,,,,19849.99
2025-09-22,,,,19703.6
2025-09-23,,,,19623.79
2025-09-24,,,,19484.24
2025-09-25,,,,19355.61
2025-09-26,,,,18960.83
2025-09-29,,,,18974.84
2025-09-30,,,,18998.44
2025-10-01,,,,19181.01
2025-10-03,,,,19345.27
2025-10-06,,,,19421.76
2025-10-07,,,,19470.7
2025-10-08,,,,19346.82
2025-10-09,,,,19456.34
2025-10-10,,,,19555.85
2025-10-13,,,,19528.85
2025-10-14,,,,19375.55
2025-10-15,,,,19544.97
2025-10-16,,,,19629.2
2025-10-17,,,,19552.75
2025-10-20,,,,19668.61
2025-10-21,,,,19757.81
2025-10-23,,,,19719.95
2025-10-24,,,,19682.64
2025-10-27,,,,19824.36
2025-10-28,,,,19832.86
2025-10-29,,,,19934.35
2025-10-30,,,,19911.23
2025-10-31,,,,19806.68
2025-11-03,,,,19952.32
2025-11-04,,,,19850.86
2025-11-06,,,,19607.53
2025-11-07,,,,19630.57
2025-11-10,,,,19675.38
2025-11-11,,,,19705.13
2025-11-12,,,,19853.68
2025-11-13,,,,19781.86
2025-11-14,,,,19803.12
2025-11-17,,,,19937.63
2025-11-18,,,,19774.87
2025-11-19,,,,19766.4
2025-11-20,,,,19753.55
2025-11-21,,,,19518.21
2025-11-24,,,,19424.41
2025-11-25,,,,19460.16
2025-11-26,,,,19699.54
2025-11-27,,,,19665.95
2025-11-28,,,,19633.43
2025-12-01,,,,19644.78
2025-12-02,,,,19582.95
2025-12-03,,,,19451.47
2025-12-04,,,,19424.44
2025-12-05,,,,19413.95
2025-12-08,,,,19029.91
2025-12-09,,,,19159.98
2025-12-10,,,,19002.48
2025-12-11,,,,19139.21
2025-12-12,,,,19333.44
2025-12-15,,,,19360.25
2025-12-16,,,,19210.87
2025-12-17,,,,19090.11
2025-12-18,,,,19100.55
2025-12-19,,,,19337.58
2025-12-22,,,,19509.99
2025-12-23,,,,19560.34
2025-12-24,,,,19517.74
2025-12-26,,,,19474.99
2025-12-29,,,,19384.09
2025-12-30,,,,19347.4
2025-12-31,,,,19554.81
2026-01-01,,,,19585.36
2026-01-02,,,,19752.39
2026-01-05,,,,19769.97
2026-01-06,,,,19719.88
2026-01-07,,,,19776.29
2026-01-08,,,,19397.76
2026-01-09,,,,19148.4
2026-01-12,,,,19068.76
2026-01-13,,,,19116.46
2026-01-14,,,,19182.92
2026-01-16,,,,19142.38
2026-01-19,,,,18992.52
2026-01-20,,,,18502.5
2026-01-21,,,,18339.44
2026-01-22,,,,18534.51
2026-01-23,,,,18194.94
2026-01-27,,,,18261.57
2026-01-28,,,,18583.94
2026-01-29,,,,18588.45
2026-01-30,,,,18669.67
2026-02-01,,,,18271.97
2026-02-02,,,,18413.51
2026-02-03,,,,18952.6
2026-02-04,,,,19081.9
2026-02-05,,,,18954.26
2026-02-06,,,,18920.17
2026-02-09,,,,19308.61
2026-02-10,,,,19394.31
2026-02-11,,,,19408.41
2026-02-12,,,,19289.08
2026-02-13,,,,18974.12
2026-02-16,,,,19010.68
2026-02-17,,,,19107.39
2026-02-18,,,,19207.92
2026-02-19,,,,18942.87
2026-02-20,,,,18971.71
2026-02-23,,,,18996.44
2026-02-24,,,,18913.66
2026-02-25,,,,19034.75
2026-02-26,,,,19097.86
2026-02-27,,,,18894.93
2026-03-02,,,,18555.78
2026-03-04,,,,18156.0
2026-03-05,,,,18422.76
2026-03-06,,,,18333.86
2026-03-09,,,,17933.8
2026-03-10,,,,18267.76
2026-03-11,,,,18127.54
2026-03-12,,,,18070.47
2026-03-13,,,,17586.07
2026-03-16,,,,17522.57
2026-03-17,,,,17663.73
2026-03-18,,,,17985.21
2026-03-19,,,,17470.71
2026-03-20,,,,17544.81
2026-03-23,,,,16874.31
2026-03-24,,,,17287.55
2026-03-25,,,,17704.96
2026-03-27,,,,17344.59
2026-03-30,,,,16900.67
2026-04-01,,,,17364.03
2026-04-02,,,,17321.84
2026-04-06,,,,17538.79
2026-04-07,,,,17558.93
2026-04-08,,,,18250.72
2026-04-09,,,,18287.02
2026-04-10,,,,18580.06
